META	HEADER	GNSS location/orientation script
META	VERSION	1.0.1
META	FORMAT	ASCII
META	CONTENT	DEFAULT
META	TIMESTAMPS	UPTIME
META	END
Uptime	Origin_X	Origin_Y	Origin_Z	Basis_XX	Basis_XY	Basis_XZ	Basis_YX	Basis_YY	Basis_YZ	Basis_ZX	Basis_ZY	Basis_ZZ
10154258	0.7630	0.1719	2.9937	0.993712	-0.012273	-0.111290	0.011229	0.999887	-0.010008	0.111400	0.008695	0.993738
10154380	0.7630	0.1720	2.9934	0.993687	-0.013296	-0.111395	0.012232	0.999873	-0.010230	0.111517	0.008802	0.993724
10154503	0.7629	0.1724	2.9933	0.993706	-0.012941	-0.111272	0.011907	0.999880	-0.009951	0.111387	0.008563	0.993740
10154635	0.7626	0.1720	2.9938	0.993689	-0.010577	-0.111671	0.009525	0.999905	-0.009946	0.111766	0.008820	0.993695
10154760	0.7633	0.1727	2.9931	0.993724	-0.011202	-0.111300	0.010145	0.999898	-0.010061	0.111402	0.008869	0.993736
10154885	0.7632	0.1734	2.9929	0.993744	-0.010688	-0.111168	0.009740	0.999911	-0.009071	0.111255	0.007932	0.993760
10155007	0.7633	0.1729	2.9926	0.993737	-0.011352	-0.111163	0.010449	0.999908	-0.008700	0.111251	0.007484	0.993764
10155142	0.7631	0.1727	2.9928	0.993754	-0.011106	-0.111040	0.010151	0.999907	-0.009161	0.111132	0.007977	0.993774
10155259	0.7628	0.1740	2.9929	0.993671	-0.011154	-0.111777	0.010218	0.999908	-0.008946	0.111867	0.007747	0.993693
10155382	0.7627	0.1726	2.9934	0.993678	-0.010845	-0.111742	0.009823	0.999905	-0.009688	0.111837	0.008529	0.993690
10155508	0.7626	0.1738	2.9928	0.993674	-0.011456	-0.111717	0.010477	0.999901	-0.009344	0.111813	0.008114	0.993696
10155635	0.7626	0.1727	2.9931	0.993713	-0.010379	-0.111473	0.009354	0.999909	-0.009714	0.111564	0.008610	0.993720
10155757	0.7631	0.1738	2.9927	0.993727	-0.011146	-0.111276	0.010138	0.999902	-0.009616	0.111372	0.008427	0.993743
10155883	0.7631	0.1743	2.9924	0.993743	-0.011716	-0.111077	0.010792	0.999902	-0.008921	0.111170	0.007666	0.993772
10156006	0.7632	0.1743	2.9921	0.993722	-0.011200	-0.111313	0.010224	0.999904	-0.009335	0.111407	0.008138	0.993742
10156141	0.7630	0.1745	2.9923	0.993742	-0.011767	-0.111077	0.010734	0.999893	-0.009891	0.111182	0.008636	0.993763
10156258	0.7632	0.1740	2.9928	0.993682	-0.011106	-0.111685	0.010127	0.999905	-0.009332	0.111778	0.008142	0.993700
10156385	0.7633	0.1755	2.9920	0.993716	-0.012075	-0.111281	0.011108	0.999895	-0.009307	0.111382	0.008013	0.993745
10156508	0.7631	0.1755	2.9923	0.993662	-0.011518	-0.111815	0.010582	0.999904	-0.008960	0.111908	0.007720	0.993689
10156634	0.7623	0.1741	2.9933	0.993701	-0.010017	-0.111615	0.008996	0.999913	-0.009651	0.111702	0.008586	0.993705
10156758	0.7636	0.1760	2.9923	0.993741	-0.011511	-0.111116	0.010552	0.999902	-0.009215	0.111211	0.007985	0.993765
10156884	0.7630	0.1763	2.9924	0.993743	-0.011661	-0.111081	0.010733	0.999902	-0.008945	0.111174	0.007696	0.993771
10157006	0.7630	0.1768	2.9922	0.993719	-0.011917	-0.111267	0.010965	0.999898	-0.009160	0.111365	0.007883	0.993748
10157142	0.7629	0.1763	2.9921	0.993716	-0.011961	-0.111288	0.011018	0.999898	-0.009084	0.111385	0.007801	0.993747
10157257	0.7628	0.1753	2.9929	0.993739	-0.010435	-0.111237	0.009607	0.999922	-0.007973	0.111312	0.006855	0.993762
10157383	0.7623	0.1757	2.9927	0.993700	-0.009615	-0.111658	0.008702	0.999925	-0.008668	0.111733	0.007641	0.993709
10157509	0.7625	0.1767	2.9925	0.993730	-0.010024	-0.111361	0.009239	0.999929	-0.007561	0.111428	0.006485	0.993751
10157636	0.7629	0.1754	2.9930	0.993752	-0.011191	-0.111051	0.010264	0.999908	-0.008920	0.111140	0.007725	0.993775
10157759	0.7623	0.1760	2.9920	0.993718	-0.012315	-0.111237	0.011402	0.999896	-0.008837	0.111334	0.007513	0.993755
10157885	0.7625	0.1762	2.9930	0.993728	-0.011908	-0.111188	0.010963	0.999898	-0.009108	0.111285	0.007831	0.993758
10158007	0.7624	0.1776	2.9919	0.993716	-0.012316	-0.111254	0.011397	0.999895	-0.008896	0.111352	0.007572	0.993752
10158139	0.7623	0.1776	2.9922	0.993706	-0.011652	-0.111410	0.010751	0.999904	-0.008687	0.111500	0.007434	0.993737
10158259	0.7636	0.1766	2.9927	0.993717	-0.009726	-0.111499	0.008854	0.999926	-0.008316	0.111571	0.007276	0.993730
10158383	0.7635	0.1783	2.9921	0.993693	-0.008958	-0.111780	0.008251	0.999943	-0.006788	0.111835	0.005823	0.993710
10158508	0.7631	0.1787	2.9923	0.993696	-0.009981	-0.111666	0.009168	0.999928	-0.007795	0.111736	0.006722	0.993715
10158635	0.7635	0.1766	2.9927	0.993707	-0.011811	-0.111383	0.010818	0.999896	-0.009507	0.111484	0.008243	0.993732
10158759	0.7639	0.1780	2.9924	0.993752	-0.013191	-0.110824	0.012250	0.999883	-0.009172	0.110932	0.007757	0.993798
10158882	0.7632	0.1778	2.9921	0.993699	-0.012678	-0.111360	0.011729	0.999889	-0.009166	0.111464	0.007802	0.993738
10159002	0.7633	0.1793	2.9921	0.993729	-0.013138	-0.111040	0.012175	0.999882	-0.009350	0.111149	0.007939	0.993772
10159146	0.7636	0.1795	2.9923	0.993720	-0.012582	-0.111182	0.011677	0.999893	-0.008786	0.111280	0.007433	0.993761
10159259	0.7636	0.1777	2.9926	0.993693	-0.010078	-0.111678	0.009275	0.999927	-0.007705	0.111748	0.006621	0.993715
10159384	0.7636	0.1775	2.9930	0.993685	-0.008801	-0.111857	0.008091	0.999944	-0.006802	0.111910	0.005854	0.993701
10159507	0.7632	0.1783	2.9926	0.993706	-0.009260	-0.111640	0.008528	0.999939	-0.007039	0.111698	0.006043	0.993724
10159634	0.7639	0.1757	2.9934	0.993716	-0.012218	-0.111263	0.011334	0.999899	-0.008567	0.111357	0.007252	0.993754
10159755	0.7641	0.1753	2.9934	0.993717	-0.012369	-0.111232	0.011412	0.999892	-0.009236	0.111335	0.007909	0.993751
10159881	0.7639	0.1760	2.9935	0.993735	-0.012215	-0.111089	0.011275	0.999895	-0.009087	0.111188	0.007777	0.993769
10160007	0.7644	0.1762	2.9932	0.993758	-0.011098	-0.111006	0.010160	0.999908	-0.009010	0.111095	0.007826	0.993779
10160144	0.7636	0.1761	2.9934	0.993708	-0.012474	-0.111302	0.011510	0.999891	-0.009299	0.111406	0.007959	0.993743
10160258	0.7638	0.1746	2.9936	0.993727	-0.010118	-0.111374	0.009204	0.999920	-0.008718	0.111453	0.007639	0.993740
10160383	0.7637	0.1743	2.9938	0.993719	-0.010335	-0.111426	0.009448	0.999919	-0.008487	0.111505	0.007381	0.993737
10160508	0.7638	0.1753	2.9936	0.993729	-0.010783	-0.111294	0.009967	0.999919	-0.007883	0.111370	0.006724	0.993756
10160634	0.7638	0.1728	2.9936	0.993712	-0.011508	-0.111376	0.010553	0.999902	-0.009162	0.111471	0.007929	0.993736
10160757	0.7638	0.1720	2.9939	0.993756	-0.011400	-0.110989	0.010571	0.999912	-0.008054	0.111071	0.006830	0.993789
10160884	0.7633	0.1718	2.9939	0.993701	-0.011961	-0.111426	0.011004	0.999897	-0.009193	0.111525	0.007909	0.993730
10161007	0.7639	0.1717	2.9937	0.993729	-0.011609	-0.111210	0.010631	0.999899	-0.009384	0.111308	0.008143	0.993753
10161144	0.7636	0.1706	2.9939	0.993727	-0.011602	-0.111232	0.010612	0.999899	-0.009490	0.111331	0.008250	0.993749
10161259	0.7640	0.1732	2.9928	0.993723	-0.014657	-0.110901	0.013533	0.999849	-0.010880	0.111043	0.009311	0.993772
10161385	0.7642	0.1723	2.9934	0.993736	-0.014252	-0.110845	0.013148	0.999857	-0.010682	0.110981	0.009157	0.993780
10161508	0.7644	0.1719	2.9937	0.993686	-0.014463	-0.111261	0.013367	0.999855	-0.010595	0.111398	0.009041	0.993735
10161634	0.7645	0.1733	2.9934	0.993706	-0.012314	-0.111343	0.011348	0.999892	-0.009310	0.111445	0.007988	0.993738
10161756	0.7648	0.1721	2.9931	0.993714	-0.012676	-0.111232	0.011635	0.999882	-0.010001	0.111345	0.008644	0.993744
10161884	0.7648	0.1722	2.9937	0.993707	-0.012066	-0.111363	0.011104	0.999896	-0.009255	0.111463	0.007961	0.993737
10162007	0.7645	0.1705	2.9936	0.993724	-0.012217	-0.111190	0.011206	0.999890	-0.009714	0.111296	0.008407	0.993752
10162143	0.7652	0.1709	2.9937	0.993707	-0.012218	-0.111342	0.011240	0.999893	-0.009410	0.111445	0.008099	0.993738
10162260	0.7634	0.1710	2.9935	0.993664	-0.013270	-0.111608	0.012175	0.999871	-0.010490	0.111733	0.009065	0.993697
10162384	0.7639	0.1702	2.9939	0.993710	-0.013327	-0.111188	0.012151	0.999863	-0.011252	0.111322	0.009830	0.993736
10162506	0.7640	0.1693	2.9938	0.993682	-0.013484	-0.111421	0.012348	0.999865	-0.010879	0.111552	0.009435	0.993714
10162630	0.7633	0.1698	2.9939	0.993696	-0.011392	-0.111532	0.010342	0.999897	-0.009989	0.111634	0.008772	0.993711
10162757	0.7647	0.1711	2.9934	0.993765	-0.011201	-0.110930	0.010217	0.999903	-0.009441	0.111025	0.008249	0.993783
10162884	0.7636	0.1698	2.9941	0.993688	-0.012054	-0.111532	0.011084	0.999895	-0.009314	0.111633	0.008019	0.993717
10163007	0.7645	0.1697	2.9931	0.993772	-0.010841	-0.110908	0.009926	0.999912	-0.008799	0.110993	0.007644	0.993792
10163143	0.7646	0.1702	2.9937	0.993731	-0.011815	-0.111176	0.010847	0.999898	-0.009306	0.111274	0.008042	0.993757
10163259	0.7644	0.1728	2.9936	0.993701	-0.015026	-0.111049	0.013982	0.999851	-0.010168	0.111185	0.008551	0.993763
10163380	0.7635	0.1713	2.9943	0.993644	-0.013949	-0.111698	0.012763	0.999854	-0.011322	0.111840	0.009825	0.993678
10163503	0.7637	0.1720	2.9941	0.993658	-0.014511	-0.111507	0.013402	0.999853	-0.010687	0.111646	0.009125	0.993706
10163635	0.7640	0.1732	2.9947	0.993717	-0.010734	-0.111408	0.009745	0.999908	-0.009414	0.111499	0.008269	0.993730
10163758	0.7641	0.1738	2.9939	0.993673	-0.012003	-0.111666	0.010964	0.999891	-0.009907	0.111773	0.008620	0.993696
10163885	0.7644	0.1736	2.9935	0.993720	-0.012869	-0.111152	0.011909	0.999886	-0.009299	0.111259	0.007916	0.993760
10164007	0.7642	0.1729	2.9935	0.993698	-0.012566	-0.111383	0.011582	0.999888	-0.009473	0.111489	0.008124	0.993732
10164142	0.7645	0.1725	2.9936	0.993690	-0.013479	-0.111352	0.012395	0.999869	-0.010415	0.111478	0.008969	0.993726
10164256	0.7634	0.1727	2.9937	0.993695	-0.013779	-0.111270	0.012678	0.999863	-0.010599	0.111401	0.009122	0.993734
10164380	0.7642	0.1727	2.9934	0.993735	-0.012399	-0.111072	0.011283	0.999879	-0.010674	0.111191	0.009354	0.993755
10164508	0.7634	0.1741	2.9931	0.993690	-0.013562	-0.111336	0.012526	0.999871	-0.010007	0.111458	0.008549	0.993732
10164634	0.7634	0.1750	2.9933	0.993690	-0.013064	-0.111398	0.012082	0.999882	-0.009484	0.111509	0.008078	0.993731
10164757	0.7636	0.1758	2.9926	0.993715	-0.013636	-0.111110	0.012656	0.999875	-0.009520	0.111226	0.008054	0.993762
10164883	0.7641	0.1760	2.9929	0.993729	-0.013434	-0.111003	0.012503	0.999881	-0.009077	0.111111	0.007632	0.993779
10165007	0.7636	0.1767	2.9925	0.993687	-0.012965	-0.111436	0.012042	0.999887	-0.008952	0.111540	0.007553	0.993731
10165143	0.7638	0.1760	2.9929	0.993686	-0.013176	-0.111417	0.012193	0.999881	-0.009499	0.111529	0.008081	0.993728
10165258	0.7635	0.1762	2.9934	0.993745	-0.013322	-0.110874	0.012444	0.999886	-0.008604	0.110976	0.007170	0.993797
10165384	0.7639	0.1758	2.9937	0.993690	-0.012627	-0.111445	0.011697	0.999891	-0.008995	0.111547	0.007635	0.993730
10165508	0.7644	0.1757	2.9935	0.993726	-0.013037	-0.111084	0.012020	0.999880	-0.009820	0.111199	0.008424	0.993763
10165635	0.7644	0.1745	2.9939	0.993716	-0.011971	-0.111289	0.010909	0.999889	-0.010140	0.111398	0.008862	0.993736
10165758	0.7638	0.1748	2.9945	0.993717	-0.012225	-0.111248	0.011247	0.999892	-0.009416	0.111352	0.008105	0.993748
10165884	0.7638	0.1751	2.9943	0.993725	-0.012640	-0.111137	0.011614	0.999884	-0.009877	0.111248	0.008525	0.993756
10166007	0.7641	0.1752	2.9944	0.993716	-0.012578	-0.111226	0.011577	0.999887	-0.009640	0.111335	0.008292	0.993748
10166142	0.7644	0.1744	2.9948	0.993753	-0.011561	-0.111004	0.010459	0.999890	-0.010510	0.111113	0.009283	0.993764
10166256	0.7641	0.1754	2.9941	0.993720	-0.012221	-0.111223	0.011202	0.999889	-0.009778	0.111331	0.008471	0.993747
10166382	0.7646	0.1747	2.9945	0.993698	-0.011154	-0.111531	0.010055	0.999895	-0.010408	0.111635	0.009221	0.993706
10166507	0.7643	0.1745	2.9946	0.993715	-0.011870	-0.111312	0.010711	0.999882	-0.011012	0.111430	0.009750	0.993724
10166634	0.7648	0.1742	2.9947	0.993699	-0.011663	-0.111472	0.010427	0.999878	-0.011669	0.111595	0.010433	0.993699
10166759	0.7651	0.1739	2.9939	0.993694	-0.011820	-0.111499	0.010592	0.999877	-0.011604	0.111623	0.010350	0.993697
10166884	0.7639	0.1739	2.9946	0.993670	-0.011244	-0.111772	0.010066	0.999888	-0.011101	0.111884	0.009905	0.993672
10167005	0.7645	0.1734	2.9940	0.993721	-0.010279	-0.111412	0.009044	0.999892	-0.011582	0.111519	0.010501	0.993707
10167138	0.7644	0.1739	2.9942	0.993686	-0.010638	-0.111692	0.009442	0.999892	-0.011237	0.111799	0.010111	0.993679
10167262	0.7636	0.1735	2.9945	0.993713	-0.010327	-0.111481	0.009158	0.999898	-0.010989	0.111583	0.009899	0.993706
10167386	0.7645	0.1739	2.9941	0.993732	-0.010387	-0.111309	0.009240	0.999899	-0.010816	0.111410	0.009720	0.993727
10167508	0.7644	0.1740	2.9939	0.993726	-0.010591	-0.111341	0.009420	0.999895	-0.011044	0.111447	0.009926	0.993721
10167634	0.7637	0.1740	2.9944	0.993700	-0.011819	-0.111450	0.010649	0.999882	-0.011085	0.111568	0.009829	0.993708
10167758	0.7640	0.1732	2.9942	0.993713	-0.011571	-0.111354	0.010343	0.999879	-0.011599	0.111474	0.010375	0.993713
10167882	0.7638	0.1737	2.9942	0.993703	-0.011617	-0.111441	0.010467	0.999886	-0.010903	0.111555	0.009668	0.993711
10168002	0.7636	0.1745	2.9937	0.993670	-0.012316	-0.111666	0.011112	0.999873	-0.011406	0.111792	0.010093	0.993680
10168143	0.7633	0.1757	2.9929	0.993638	-0.013547	-0.111802	0.012432	0.999866	-0.010665	0.111932	0.009207	0.993673
10168259	0.7644	0.1776	2.9929	0.993706	-0.014510	-0.111073	0.013650	0.999871	-0.008495	0.111182	0.006925	0.993776
10168383	0.7641	0.1786	2.9921	0.993705	-0.014817	-0.111042	0.014018	0.999870	-0.007974	0.111145	0.006367	0.993784
10168507	0.7632	0.1763	2.9928	0.993656	-0.012054	-0.111817	0.011152	0.999900	-0.008690	0.111910	0.007388	0.993691
10168634	0.7635	0.1774	2.9934	0.993693	-0.014295	-0.111222	0.013470	0.999876	-0.008172	0.111325	0.006622	0.993762
10168756	0.7633	0.1774	2.9934	0.993625	-0.015272	-0.111699	0.014459	0.999863	-0.008086	0.111808	0.006420	0.993709
10168880	0.7640	0.1756	2.9950	0.993647	-0.014772	-0.111572	0.013881	0.999865	-0.008760	0.111687	0.007156	0.993718
10169007	0.7641	0.1792	2.9929	0.993664	-0.014730	-0.111424	0.013966	0.999873	-0.007637	0.111523	0.006033	0.993744
10169142	0.7641	0.1779	2.9934	0.993705	-0.014060	-0.111146	0.013280	0.999882	-0.007748	0.111241	0.006223	0.993774
10169258	0.7634	0.1767	2.9947	0.993768	-0.011407	-0.110881	0.010565	0.999911	-0.008177	0.110964	0.006955	0.993800
10169382	0.7645	0.1756	2.9940	0.993822	-0.011614	-0.110378	0.010741	0.999906	-0.008494	0.110466	0.007256	0.993853
10169508	0.7628	0.1736	2.9944	0.993701	-0.011241	-0.111500	0.010118	0.999892	-0.010630	0.111608	0.009434	0.993708
10169633	0.7628	0.1733	2.9944	0.993715	-0.012679	-0.111217	0.011568	0.999877	-0.010635	0.111338	0.009281	0.993739
10169756	0.7634	0.1737	2.9948	0.993729	-0.011617	-0.111207	0.010480	0.999887	-0.010803	0.111320	0.009570	0.993738
10169884	0.7632	0.1736	2.9945	0.993711	-0.011820	-0.111351	0.010580	0.999875	-0.011726	0.111476	0.010474	0.993712
10170007	0.7629	0.1742	2.9943	0.993745	-0.011252	-0.111106	0.009987	0.999879	-0.011937	0.111227	0.010753	0.993737
10170145	0.7633	0.1750	2.9940	0.993689	-0.011968	-0.111526	0.010757	0.999877	-0.011454	0.111650	0.010182	0.993695
10170259	0.7635	0.1738	2.9938	0.993743	-0.010286	-0.111219	0.009099	0.999896	-0.011174	0.111322	0.010092	0.993733
10170383	0.7639	0.1736	2.9941	0.993721	-0.011361	-0.111305	0.010187	0.999886	-0.011116	0.111419	0.009912	0.993724
10170507	0.7639	0.1755	2.9934	0.993743	-0.011203	-0.111131	0.010093	0.999893	-0.010546	0.111237	0.009359	0.993750
10170634	0.7638	0.1746	2.9944	0.993727	-0.011671	-0.111226	0.010507	0.999884	-0.011045	0.111342	0.009807	0.993734
10170755	0.7639	0.1752	2.9934	0.993728	-0.011917	-0.111185	0.010748	0.999881	-0.011103	0.111304	0.009838	0.993738
10170883	0.7641	0.1759	2.9937	0.993746	-0.012281	-0.110986	0.011133	0.999878	-0.010957	0.111107	0.009653	0.993762
10171006	0.7642	0.1768	2.9934	0.993730	-0.012792	-0.111072	0.011645	0.999872	-0.010970	0.111199	0.009608	0.993752
10171146	0.7657	0.1895	2.9957	0.993154	-0.025916	-0.113897	0.024438	0.999598	-0.014355	0.114223	0.011473	0.993389
10171259	0.7636	0.2292	3.0061	0.992410	-0.030987	-0.119009	0.029202	0.999434	-0.016709	0.119459	0.013107	0.992753
10171383	0.7655	0.2837	3.0138	0.992013	-0.034768	-0.121246	0.032033	0.999188	-0.024434	0.121997	0.020355	0.992322
10171506	0.7667	0.3354	3.0133	0.991304	-0.054566	-0.119748	0.047985	0.997211	-0.057168	0.122534	0.050925	0.991157
10171629	0.7690	0.3958	3.0131	0.991083	-0.065980	-0.115764	0.055227	0.994062	-0.093757	0.121263	0.086527	0.988842
10171757	0.7727	0.4682	3.0123	0.991599	-0.064234	-0.112270	0.051098	0.991911	-0.116196	0.118825	0.109483	0.986861
10171884	0.7772	0.5522	3.0074	0.992061	-0.056950	-0.112123	0.042388	0.990839	-0.128223	0.118398	0.122452	0.985387
10172007	0.7822	0.6397	3.0002	0.992186	-0.051910	-0.113452	0.037114	0.990970	-0.128841	0.119116	0.123624	0.985154
10172143	0.7778	0.7183	2.9836	0.992425	-0.044448	-0.114527	0.029146	0.990824	-0.131977	0.119342	0.127640	0.984614
10172260	0.7563	0.7793	2.9549	0.992432	-0.022726	-0.120673	0.007725	0.992333	-0.123355	0.122551	0.121490	0.984998
10172381	0.7241	0.8297	2.9133	0.992045	-0.001246	-0.125876	-0.012878	0.993700	-0.111332	0.125222	0.112068	0.985779
10172503	0.6809	0.8778	2.8634	0.991484	0.014724	-0.129390	-0.027682	0.994710	-0.098926	0.127249	0.101666	0.986647
10172635	0.6323	0.9186	2.8096	0.991108	0.018249	-0.131803	-0.031142	0.994852	-0.096431	0.129365	0.099678	0.986574
10172760	0.5895	0.9471	2.7457	0.990848	0.016553	-0.133962	-0.029985	0.994647	-0.098885	0.131608	0.101997	0.986041
10172885	0.5511	0.9619	2.6755	0.990443	0.020118	-0.136449	-0.034581	0.993927	-0.104467	0.133519	0.108187	0.985123
10173008	0.5171	0.9709	2.5944	0.990108	0.026164	-0.137848	-0.041853	0.992806	-0.112181	0.133921	0.116841	0.984080
10173144	0.4870	0.9650	2.5058	0.989290	0.028797	-0.143098	-0.045679	0.992183	-0.116131	0.138635	0.121424	0.982872
10173258	0.4568	0.9528	2.4120	0.988324	0.024660	-0.150357	-0.042580	0.992200	-0.117155	0.146295	0.122189	0.981666
10173382	0.4286	0.9518	2.3176	0.987064	0.015423	-0.159586	-0.033485	0.993242	-0.111122	0.156793	0.115029	0.980910
10173509	0.3965	0.9728	2.2289	0.985569	0.006041	-0.169168	-0.024089	0.994198	-0.104837	0.167553	0.107399	0.979996
10173635	0.3641	1.0010	2.1467	0.983872	0.005806	-0.178780	-0.021913	0.995857	-0.088251	0.177527	0.090745	0.979923
10173757	0.3306	1.0166	2.0659	0.983210	0.012844	-0.182025	-0.026187	0.997126	-0.071092	0.180588	0.074665	0.980721
10173883	0.2928	1.0125	1.9793	0.982461	0.018898	-0.185506	-0.030061	0.997890	-0.057546	0.184028	0.062114	0.980957
10174007	0.2509	0.9978	1.8871	0.982544	0.021787	-0.184748	-0.030740	0.998480	-0.045736	0.183471	0.050617	0.981721
10174141	0.2028	0.9860	1.7907	0.982866	0.031655	-0.181583	-0.037594	0.998862	-0.029360	0.180447	0.035684	0.982937
10174258	0.1593	0.9890	1.6955	0.983488	0.023068	-0.179496	-0.026496	0.999509	-0.016724	0.179022	0.021204	0.983617
10174384	0.1234	0.9977	1.5996	0.984921	0.011697	-0.172610	-0.012787	0.999905	-0.005205	0.172533	0.007334	0.984976
10174508	0.0954	1.0136	1.5115	0.986009	0.007235	-0.166537	-0.006932	0.999973	0.002397	0.166550	-0.001209	0.986032
10174635	0.0800	1.0156	1.4268	0.987237	0.004772	-0.159186	-0.002677	0.999907	0.013372	0.159235	-0.012775	0.987158
10174758	0.0733	1.0086	1.3409	0.988059	-0.000619	-0.154074	0.004405	0.999697	0.024235	0.154012	-0.024625	0.987762
10174885	0.0691	1.0081	1.2529	0.988333	-0.000065	-0.152311	0.004597	0.999557	0.029401	0.152242	-0.029758	0.987895
10175007	0.0654	1.0105	1.1727	0.987954	0.002814	-0.154720	0.002340	0.999449	0.033120	0.154728	-0.033083	0.987403
10175143	0.0556	1.0127	1.0963	0.987916	0.005325	-0.154900	0.000419	0.999314	0.037022	0.154991	-0.036640	0.987236
10175257	0.0434	1.0136	1.0282	0.987710	0.003334	-0.156261	0.002056	0.999409	0.034324	0.156283	-0.034224	0.987119
10175385	0.0307	1.0102	0.9667	0.987883	0.000816	-0.155198	0.004621	0.999388	0.034668	0.155131	-0.034965	0.987275
10175508	0.0165	1.0016	0.9115	0.988430	0.004483	-0.151611	0.000888	0.999375	0.035341	0.151675	-0.035066	0.987808
10175636	0.0006	0.9919	0.8570	0.989573	0.014913	-0.143257	-0.009867	0.999308	0.035868	0.143693	-0.034080	0.989035
10175759	-0.0172	0.9892	0.8087	0.990811	0.021343	-0.133562	-0.016961	0.999283	0.033861	0.134189	-0.031284	0.990462
10175885	-0.0334	0.9841	0.7636	0.992174	0.018945	-0.123419	-0.015853	0.999536	0.025991	0.123854	-0.023831	0.992014
10176007	-0.0476	0.9782	0.7226	0.993635	0.012777	-0.111925	-0.011403	0.999852	0.012905	0.112073	-0.011547	0.993633
10176140	-0.0581	0.9736	0.6908	0.995046	0.008366	-0.099068	-0.008416	0.999965	-0.000084	0.099064	0.000918	0.995081
10176260	-0.0630	0.9721	0.6641	0.996106	0.002525	-0.088132	-0.003569	0.999925	-0.011684	0.088095	0.011953	0.996040
10176385	-0.0629	0.9665	0.6383	0.996793	0.000098	-0.080026	-0.001670	0.999807	-0.019584	0.080008	0.019654	0.996600
10176510	-0.0582	0.9591	0.6129	0.997148	-0.000375	-0.075474	-0.001425	0.999716	-0.023793	0.075462	0.023832	0.996864
10176635	-0.0494	0.9524	0.5878	0.997268	0.000600	-0.073869	-0.002391	0.999705	-0.024160	0.073832	0.024271	0.996975
10176759	-0.0408	0.9457	0.5643	0.997186	0.001973	-0.074943	-0.003862	0.999678	-0.025072	0.074870	0.025291	0.996873
10176882	-0.0309	0.9352	0.5437	0.996899	0.000844	-0.078688	-0.003034	0.999611	-0.027711	0.078635	0.027864	0.996514
10177003	-0.0229	0.9275	0.5244	0.996419	-0.005188	-0.084388	0.002660	0.999545	-0.030042	0.084505	0.029710	0.995980
10177147	-0.0190	0.9184	0.5060	0.995865	-0.008148	-0.090475	0.005080	0.999406	-0.034089	0.090699	0.033488	0.995315
10177262	-0.0196	0.9067	0.4887	0.995551	-0.010557	-0.093629	0.006883	0.999197	-0.039473	0.093970	0.038653	0.994824
10177385	-0.0278	0.9015	0.4752	0.995813	-0.009508	-0.090917	0.005418	0.998966	-0.045131	0.091252	0.044449	0.994835
10177509	-0.0403	0.8958	0.4607	0.996594	-0.006304	-0.082223	0.002170	0.998733	-0.050270	0.082436	0.049920	0.995345
10177634	-0.0557	0.8895	0.4472	0.997862	-0.003934	-0.065245	0.000262	0.998421	-0.056180	0.065363	0.056042	0.996287
10177756	-0.0774	0.8893	0.4331	0.999109	0.001867	-0.042165	-0.004496	0.998045	-0.062345	0.041966	0.062479	0.997164
10177882	-0.0958	0.8885	0.4184	0.999835	0.007360	-0.016581	-0.008472	0.997645	-0.068070	0.016041	0.068199	0.997543
10178008	-0.1110	0.8875	0.4039	0.999913	0.008852	0.009813	-0.008118	0.997342	-0.072410	-0.010428	0.072324	0.997327
10178145	-0.1221	0.8864	0.3905	0.999331	0.003245	0.036442	-0.000503	0.997183	-0.075004	-0.036583	0.074935	0.996517
10178260	-0.1314	0.8884	0.3784	0.998249	-0.000938	0.059143	0.005287	0.997287	-0.073415	-0.058914	0.073599	0.995546
10178384	-0.1394	0.8894	0.3685	0.996897	-0.004987	0.078564	0.010407	0.997581	-0.068728	-0.078031	0.069333	0.994537
10178509	-0.1437	0.8907	0.3611	0.995550	-0.010149	0.093687	0.016009	0.997947	-0.062009	-0.092865	0.063233	0.993669
10178634	-0.1461	0.8924	0.3559	0.994383	-0.011393	0.105228	0.017302	0.998313	-0.055417	-0.104419	0.056927	0.992903
10178758	-0.1474	0.8946	0.3513	0.993444	-0.010105	0.113870	0.016123	0.998514	-0.052060	-0.113174	0.053554	0.992131
10178885	-0.1490	0.8947	0.3478	0.992782	-0.010887	0.119437	0.016987	0.998596	-0.050174	-0.118723	0.051841	0.991573
10179008	-0.1500	0.8953	0.3449	0.992368	-0.011438	0.122777	0.017668	0.998604	-0.049770	-0.122036	0.051559	0.991186
10179145	-0.1515	0.8945	0.3438	0.992321	-0.012263	0.123082	0.018832	0.998451	-0.052358	-0.122249	0.054274	0.991014
10179262	-0.1540	0.8900	0.3428	0.992671	-0.010650	0.120375	0.017464	0.998295	-0.055695	-0.119576	0.057389	0.991165
10179387	-0.1536	0.8884	0.3423	0.992976	-0.011380	0.117770	0.018311	0.998152	-0.057937	-0.116893	0.059686	0.991349
10179508	-0.1528	0.8869	0.3423	0.993305	-0.009396	0.115139	0.016641	0.997930	-0.062125	-0.114317	0.063625	0.991405
10179635	-0.1510	0.8829	0.3420	0.993530	-0.009043	0.113211	0.016666	0.997642	-0.066571	-0.112342	0.068027	0.991338
10179757	-0.1483	0.8803	0.3413	0.993705	-0.007213	0.111799	0.015198	0.997379	-0.070741	-0.110995	0.071995	0.991210
10179885	-0.1456	0.8783	0.3403	0.993889	-0.005492	0.110249	0.013738	0.997151	-0.074172	-0.109527	0.075233	0.991133
10180008	-0.1427	0.8772	0.3400	0.993911	-0.006652	0.109987	0.015132	0.996959	-0.076446	-0.109144	0.077644	0.990989
10180145	-0.1397	0.8760	0.3409	0.993927	-0.006809	0.109832	0.015470	0.996818	-0.078199	-0.108950	0.079423	0.990869
10180260	-0.1387	0.8748	0.3427	0.993959	-0.007310	0.109505	0.016058	0.996728	-0.079215	-0.108568	0.080495	0.990825
10180386	-0.1404	0.8768	0.3445	0.994255	-0.009060	0.106649	0.017448	0.996802	-0.077979	-0.105601	0.079392	0.991234
10180508	-0.1457	0.8801	0.3450	0.994816	-0.014027	0.100716	0.021687	0.996920	-0.075368	-0.099348	0.077162	0.992056
10180632	-0.1525	0.8833	0.3472	0.995448	-0.021655	0.092817	0.028279	0.997100	-0.070654	-0.091017	0.072957	0.993173
10180761	-0.1609	0.8857	0.3483	0.996253	-0.025074	0.082767	0.030687	0.997264	-0.067253	-0.080855	0.069541	0.994297
10180885	-0.1671	0.8880	0.3493	0.997069	-0.027774	0.071294	0.032313	0.997470	-0.063325	-0.069355	0.065443	0.995443
10181009	-0.1721	0.8887	0.3496	0.997776	-0.029234	0.059911	0.032915	0.997570	-0.061406	-0.057970	0.063241	0.996313
10181140	-0.1750	0.8870	0.3504	0.998358	-0.028662	0.049602	0.031626	0.997696	-0.060029	-0.047767	0.061499	0.996963
10181258	-0.1758	0.8866	0.3495	0.998792	-0.026896	0.041120	0.029351	0.997748	-0.060305	-0.039405	0.061439	0.997333
10181384	-0.1748	0.8854	0.3485	0.999087	-0.024493	0.035017	0.026627	0.997731	-0.061837	-0.033423	0.062713	0.997472
10181504	-0.1717	0.8850	0.3466	0.999187	-0.024554	0.031975	0.026550	0.997624	-0.063575	-0.030338	0.064372	0.997465
10181635	-0.1672	0.8832	0.3459	0.999222	-0.024964	0.030547	0.026908	0.997523	-0.064984	-0.028850	0.065755	0.997419
10181759	-0.1601	0.8824	0.3454	0.999214	-0.024619	0.031055	0.026671	0.997364	-0.067478	-0.029312	0.068254	0.997237
10181885	-0.1520	0.8810	0.3450	0.999162	-0.024000	0.033166	0.026275	0.997205	-0.069936	-0.031394	0.070749	0.997000
10182008	-0.1424	0.8790	0.3448	0.999045	-0.023887	0.036577	0.026504	0.996992	-0.072832	-0.034728	0.073732	0.996673
10182145	-0.1317	0.8780	0.3444	0.998831	-0.025267	0.041202	0.028305	0.996790	-0.074896	-0.039177	0.075974	0.996340
10182258	-0.1214	0.8790	0.3417	0.998597	-0.025510	0.046411	0.029019	0.996642	-0.076571	-0.044301	0.077811	0.995983
10182382	-0.1088	0.8799	0.3410	0.998256	-0.027013	0.052494	0.030936	0.996672	-0.075422	-0.050282	0.076914	0.995769
10182510	-0.0967	0.8800	0.3400	0.997862	-0.029103	0.058515	0.033447	0.996646	-0.074682	-0.056146	0.076479	0.995489
10182637	-0.0831	0.8799	0.3399	0.997409	-0.031282	0.064785	0.036088	0.996575	-0.074403	-0.062236	0.076548	0.995122
10182759	-0.0700	0.8795	0.3396	0.996892	-0.033108	0.071489	0.038281	0.996651	-0.072252	-0.068858	0.074765	0.994821
10182884	-0.0548	0.8818	0.3393	0.996319	-0.034475	0.078487	0.039877	0.996865	-0.068335	-0.075885	0.071213	0.994570
10183008	-0.0386	0.8831	0.3384	0.995710	-0.034570	0.085823	0.040232	0.997064	-0.065150	-0.083319	0.068323	0.994178
10183144	-0.0224	0.8852	0.3382	0.995062	-0.035149	0.092822	0.040925	0.997294	-0.061080	-0.090424	0.064577	0.993807
10183258	-0.0059	0.8845	0.3374	0.994474	-0.034600	0.099115	0.040653	0.997387	-0.059715	-0.096790	0.063415	0.993283
10183384	0.0102	0.8859	0.3382	0.993818	-0.035005	0.105362	0.041043	0.997604	-0.055698	-0.103160	0.059678	0.992873
10183508	0.0265	0.8870	0.3402	0.993251	-0.035702	0.110350	0.041706	0.997745	-0.052589	-0.108224	0.056836	0.992500
10183637	0.0422	0.8888	0.3428	0.992732	-0.035876	0.114872	0.041687	0.997948	-0.048591	-0.112893	0.053026	0.992191
10183759	0.0571	0.8915	0.3459	0.992609	-0.033690	0.116590	0.039245	0.998185	-0.045682	-0.114839	0.049920	0.992129
10183885	0.0701	0.8956	0.3479	0.992754	-0.032510	0.115684	0.037637	0.998391	-0.042411	-0.114119	0.046458	0.992380
10184007	0.0823	0.8998	0.3498	0.993210	-0.030412	0.112289	0.034876	0.998669	-0.038008	-0.110984	0.041666	0.992948
10184143	0.0908	0.9043	0.3529	0.994022	-0.028148	0.105492	0.031899	0.998911	-0.034038	-0.104419	0.037200	0.993837
10184256	0.0962	0.9057	0.3558	0.994928	-0.027260	0.096826	0.030293	0.999091	-0.029996	-0.095920	0.032777	0.994849
10184383	0.0965	0.9077	0.3575	0.996037	-0.026083	0.085034	0.028482	0.999226	-0.027121	-0.084261	0.029435	0.996009
10184509	0.0942	0.9068	0.3584	0.997109	-0.028499	0.070440	0.030422	0.999189	-0.026370	-0.069631	0.028436	0.997167
10184638	0.0914	0.9061	0.3605	0.998073	-0.031050	0.053717	0.032557	0.999094	-0.027422	-0.052817	0.029118	0.998180
10184758	0.0875	0.9053	0.3608	0.998841	-0.031715	0.036195	0.032822	0.998999	-0.030400	-0.035194	0.031553	0.998882
10184885	0.0825	0.9032	0.3625	0.999296	-0.033002	0.017860	0.033604	0.998837	-0.034577	-0.016698	0.035153	0.999242
10185007	0.0772	0.9030	0.3640	0.999375	-0.035329	-0.001486	0.035247	0.998653	-0.038064	0.002829	0.037988	0.999274
10185140	0.0696	0.9023	0.3638	0.999141	-0.035951	-0.020606	0.035117	0.998603	-0.039490	0.021997	0.038732	0.999007
10185258	0.0590	0.8991	0.3644	0.998670	-0.034344	-0.038443	0.032881	0.998734	-0.038064	0.039701	0.036749	0.998536
10185385	0.0480	0.8996	0.3607	0.998103	-0.029324	-0.054132	0.027374	0.998961	-0.036426	0.055144	0.034875	0.997869
10185509	0.0362	0.9004	0.3574	0.997374	-0.025450	-0.067811	0.023126	0.999125	-0.034841	0.068638	0.033181	0.997090
10185637	0.0243	0.9020	0.3556	0.996342	-0.024642	-0.081829	0.021817	0.999141	-0.035243	0.082627	0.033329	0.996023
10185758	0.0101	0.8994	0.3535	0.995305	-0.021024	-0.094480	0.017557	0.999147	-0.037380	0.095185	0.035546	0.994825
10185882	-0.0042	0.8970	0.3539	0.994132	-0.016686	-0.106876	0.012338	0.999074	-0.041211	0.107465	0.039650	0.993418
10186002	-0.0210	0.8932	0.3523	0.992668	-0.013611	-0.120103	0.008328	0.998980	-0.044375	0.120585	0.043050	0.991769
10186143	-0.0359	0.8911	0.3482	0.991074	-0.013357	-0.132640	0.007101	0.998845	-0.047524	0.133122	0.046158	0.990024
10186259	-0.0512	0.8843	0.3468	0.989406	-0.011513	-0.144716	0.004187	0.998699	-0.050828	0.145113	0.049683	0.988167
10186384	-0.0648	0.8780	0.3434	0.987571	-0.010896	-0.156797	0.002272	0.998479	-0.055081	0.157159	0.054040	0.986094
10186508	-0.0747	0.8756	0.3404	0.985787	-0.011489	-0.167607	0.001625	0.998264	-0.058873	0.167993	0.057764	0.984094
10186636	-0.0856	0.8723	0.3390	0.983806	-0.013230	-0.178749	0.002322	0.998129	-0.061094	0.179223	0.059689	0.981996
10186755	-0.0944	0.8715	0.3390	0.981151	-0.017250	-0.192469	0.005418	0.998072	-0.061829	0.193164	0.059621	0.979353
10186882	-0.1017	0.8741	0.3416	0.977696	-0.023473	-0.208710	0.010901	0.998067	-0.061188	0.209742	0.057548	0.976062
10187008	-0.1039	0.8750	0.3439	0.973895	-0.024762	-0.225646	0.011608	0.998165	-0.059436	0.226703	0.055265	0.972395
10187145	-0.0991	0.8770	0.3451	0.969448	-0.030288	-0.243418	0.016444	0.998140	-0.058703	0.244744	0.052907	0.968143
10187260	-0.0877	0.8790	0.3439	0.964963	-0.034840	-0.260063	0.020427	0.998112	-0.057922	0.261590	0.050580	0.963853
10187384	-0.0709	0.8799	0.3421	0.960735	-0.035188	-0.275227	0.020444	0.998207	-0.056258	0.276713	0.048422	0.959732
10187508	-0.0525	0.8800	0.3393	0.956424	-0.037995	-0.289499	0.022780	0.998185	-0.055744	0.291091	0.046720	0.955554
10187636	-0.0326	0.8767	0.3364	0.952531	-0.041767	-0.301563	0.025325	0.997982	-0.058227	0.303386	0.047826	0.951667
10187756	-0.0138	0.8752	0.3331	0.948919	-0.046923	-0.312011	0.029231	0.997701	-0.061144	0.314162	0.048900	0.948109
10187885	0.0071	0.8728	0.3291	0.946091	-0.051758	-0.319739	0.033096	0.997431	-0.063531	0.322206	0.049524	0.945373
10188008	0.0268	0.8709	0.3258	0.943785	-0.051330	-0.326550	0.031804	0.997388	-0.064857	0.329026	0.050826	0.942952
10188144	0.0479	0.8655	0.3212	0.942292	-0.050368	-0.330982	0.029672	0.997292	-0.067289	0.333475	0.053585	0.941235
10188259	0.0685	0.8671	0.3129	0.941380	-0.048083	-0.333902	0.026911	0.997339	-0.067750	0.336272	0.054793	0.940170
10188385	0.0896	0.8643	0.3055	0.940932	-0.047139	-0.335297	0.025581	0.997328	-0.068425	0.337627	0.055806	0.939624
10188509	0.1113	0.8624	0.2979	0.940782	-0.045861	-0.335895	0.024080	0.997345	-0.068729	0.338155	0.056571	0.939389
10188637	0.1320	0.8595	0.2908	0.940911	-0.043159	-0.335892	0.021357	0.997434	-0.068335	0.337979	0.057123	0.939418
10188756	0.1529	0.8591	0.2858	0.940800	-0.042214	-0.336324	0.020489	0.997483	-0.067885	0.338343	0.056975	0.939296
10188884	0.1738	0.8593	0.2804	0.940646	-0.040249	-0.336995	0.019033	0.997636	-0.066028	0.338856	0.055695	0.939188
10189007	0.1930	0.8591	0.2748	0.940192	-0.038842	-0.338423	0.018139	0.997777	-0.064126	0.340162	0.054152	0.938806
10189146	0.2106	0.8603	0.2699	0.939350	-0.035691	-0.341097	0.015513	0.997974	-0.061702	0.342608	0.052668	0.938001
10189262	0.2207	0.8665	0.2620	0.937572	-0.032361	-0.346281	0.012706	0.998184	-0.058880	0.347558	0.050805	0.936281
10189384	0.2264	0.8665	0.2564	0.935337	-0.025331	-0.352850	0.006004	0.998426	-0.055763	0.353707	0.050039	0.934017
10189507	0.2260	0.8663	0.2510	0.932380	-0.015411	-0.361151	-0.003325	0.998683	-0.051199	0.361464	0.048937	0.931101
10189630	0.2198	0.8647	0.2488	0.928952	-0.003137	-0.370188	-0.014303	0.998913	-0.044358	0.369925	0.046501	0.927897
10189758	0.2125	0.8688	0.2496	0.924932	-0.000578	-0.380132	-0.016101	0.999042	-0.040698	0.379791	0.043764	0.924036
10189884	0.2019	0.8717	0.2534	0.920328	-0.004502	-0.391123	-0.012082	0.999129	-0.039931	0.390962	0.041475	0.919472
10190008	0.1893	0.8708	0.2590	0.915363	-0.005571	-0.402591	-0.010787	0.999206	-0.038355	0.402485	0.039451	0.914576
10190144	0.1746	0.8715	0.2665	0.909134	-0.008896	-0.416408	-0.007395	0.999269	-0.037494	0.416438	0.037167	0.908404
10190259	0.1588	0.8728	0.2702	0.902019	-0.013683	-0.431479	-0.003209	0.999257	-0.038396	0.431684	0.036019	0.901305
10190381	0.1443	0.8736	0.2767	0.894670	-0.017261	-0.446394	-0.000085	0.999247	-0.038809	0.446727	0.034759	0.893995
10190504	0.1313	0.8725	0.2823	0.887234	-0.018222	-0.460959	0.000188	0.999234	-0.039137	0.461319	0.034637	0.886558
10190638	0.1188	0.8720	0.2881	0.879525	-0.017619	-0.475526	-0.000763	0.999261	-0.038436	0.475852	0.034168	0.878861
10190758	0.1070	0.8730	0.2939	0.870954	-0.017811	-0.491042	-0.001016	0.999275	-0.038048	0.491364	0.033637	0.870305
10190884	0.0946	0.8726	0.3011	0.862365	-0.018123	-0.505962	-0.001116	0.999289	-0.037694	0.506285	0.033070	0.861732
10191006	0.0819	0.8722	0.3087	0.852958	-0.013469	-0.521806	-0.005479	0.999381	-0.034753	0.521951	0.032502	0.852356
10191142	0.0691	0.8742	0.3180	0.843631	-0.011997	-0.536790	-0.007208	0.999407	-0.033665	0.536876	0.032271	0.843044
10191260	0.0561	0.8765	0.3283	0.833800	-0.009131	-0.551992	-0.010544	0.999417	-0.032460	0.551967	0.032886	0.833218
10191382	0.0456	0.8756	0.3396	0.823772	-0.009813	-0.566836	-0.012539	0.999290	-0.035521	0.566782	0.036369	0.823064
10191509	0.0371	0.8750	0.3514	0.812998	-0.012008	-0.582143	-0.012627	0.999189	-0.038245	0.582130	0.038444	0.812186
10191637	0.0305	0.8728	0.3611	0.802131	-0.015659	-0.596942	-0.012965	0.998964	-0.043626	0.597007	0.042733	0.801097
10191758	0.0287	0.8706	0.3649	0.791018	-0.020436	-0.611451	-0.012717	0.998677	-0.049830	0.611661	0.047192	0.789711
10191883	0.0296	0.8700	0.3633	0.780554	-0.023634	-0.624641	-0.014355	0.998344	-0.055711	0.624923	0.052452	0.778922
10192007	0.0380	0.8701	0.3572	0.770239	-0.024253	-0.637294	-0.017881	0.998063	-0.059594	0.637505	0.057297	0.768313
10192141	0.0519	0.8717	0.3493	0.759820	-0.025902	-0.649618	-0.019815	0.997819	-0.062962	0.649832	0.060712	0.757649
10192257	0.0708	0.8720	0.3383	0.749415	-0.026953	-0.661551	-0.022200	0.997586	-0.065792	0.661728	0.063992	0.747008
10192384	0.0901	0.8718	0.3263	0.739762	-0.029964	-0.672201	-0.022319	0.997365	-0.069021	0.672498	0.066062	0.737145
10192508	0.1085	0.8732	0.3145	0.730287	-0.034952	-0.682246	-0.019774	0.997190	-0.072253	0.682855	0.066256	0.727544
10192637	0.1282	0.8732	0.3007	0.721899	-0.040808	-0.690795	-0.016060	0.997003	-0.075680	0.691812	0.065727	0.719080
10192758	0.1469	0.8719	0.2860	0.714811	-0.042948	-0.697998	-0.013371	0.997091	-0.075044	0.699190	0.062975	0.712157
10192884	0.1657	0.8730	0.2695	0.709102	-0.042339	-0.703834	-0.012040	0.997323	-0.072124	0.705003	0.059617	0.706694
10193007	0.1847	0.8737	0.2545	0.703722	-0.040218	-0.709336	-0.011596	0.997613	-0.068066	0.710380	0.056125	0.701576
10193144	0.2033	0.8755	0.2367	0.698562	-0.041488	-0.714345	-0.010086	0.997648	-0.067804	0.715478	0.054571	0.696501
10193257	0.2224	0.8689	0.2223	0.694100	-0.042854	-0.718602	-0.009195	0.997617	-0.068375	0.719820	0.054066	0.692052
10193385	0.2415	0.8711	0.2040	0.689994	-0.042921	-0.722541	-0.008770	0.997671	-0.067639	0.723762	0.053007	0.688011
10193508	0.2586	0.8736	0.1860	0.685955	-0.041724	-0.726447	-0.009896	0.997727	-0.066650	0.727577	0.052908	0.683983
10193638	0.2739	0.8751	0.1718	0.682504	-0.037892	-0.729899	-0.012999	0.997868	-0.063958	0.730766	0.053139	0.680556
10193759	0.2885	0.8785	0.1598	0.679080	-0.035131	-0.733224	-0.015526	0.997943	-0.062195	0.733901	0.053620	0.677137
10193885	0.3013	0.8813	0.1505	0.676567	-0.033284	-0.735628	-0.018071	0.997927	-0.061772	0.736159	0.055086	0.674563
10194006	0.3105	0.8819	0.1450	0.672437	-0.027685	-0.739636	-0.022654	0.998062	-0.057953	0.739807	0.055725	0.670507
10194140	0.3161	0.8773	0.1443	0.666476	-0.019962	-0.745259	-0.030320	0.998089	-0.053850	0.744910	0.058486	0.664597
10194259	0.3200	0.8754	0.1488	0.658456	-0.009567	-0.752558	-0.039731	0.998083	-0.047452	0.751569	0.061145	0.656814
10194385	0.3171	0.8759	0.1519	0.647171	-0.004619	-0.762331	-0.044002	0.998088	-0.043402	0.761074	0.061633	0.645731
10194508	0.3125	0.8761	0.1559	0.632721	-0.004006	-0.774370	-0.044678	0.998132	-0.041668	0.773090	0.060962	0.631360
10194637	0.3056	0.8769	0.1624	0.615564	-0.001284	-0.788086	-0.044792	0.998325	-0.036614	0.786813	0.057838	0.614475
10194758	0.2977	0.8770	0.1708	0.595861	0.001365	-0.803086	-0.046129	0.998406	-0.032529	0.801762	0.056428	0.594974
10194881	0.2891	0.8775	0.1811	0.575727	0.002045	-0.817640	-0.046549	0.998457	-0.030279	0.816316	0.055492	0.574934
10195002	0.2806	0.8773	0.1913	0.553436	-0.000825	-0.832892	-0.045207	0.998496	-0.031027	0.831664	0.054824	0.552566
10195146	0.2715	0.8774	0.2036	0.531139	-0.001129	-0.847284	-0.044702	0.998569	-0.029353	0.846105	0.053465	0.530329
10195261	0.2635	0.8781	0.2153	0.507685	-0.001425	-0.861542	-0.043973	0.998652	-0.027564	0.860420	0.051879	0.506938
10195386	0.2563	0.8794	0.2298	0.483449	-0.003789	-0.875364	-0.042022	0.998737	-0.027531	0.874363	0.050094	0.482680
10195508	0.2493	0.8778	0.2443	0.458648	-0.011390	-0.888545	-0.039791	0.998652	-0.033341	0.887727	0.050648	0.457576
10195635	0.2440	0.8785	0.2585	0.434829	-0.015512	-0.900379	-0.038831	0.998599	-0.035957	0.899675	0.050598	0.433618
10195755	0.2365	0.8816	0.2741	0.409792	-0.020657	-0.911945	-0.037704	0.998506	-0.039561	0.911399	0.050596	0.408401
10195881	0.2305	0.8832	0.2884	0.385231	-0.028548	-0.922379	-0.034954	0.998353	-0.045498	0.922158	0.049768	0.383598
10196007	0.2262	0.8829	0.3009	0.362332	-0.034706	-0.931403	-0.034618	0.998116	-0.050659	0.931406	0.050599	0.360448
10196144	0.2253	0.8821	0.3113	0.340511	-0.038166	-0.939465	-0.036817	0.997868	-0.053883	0.939519	0.052936	0.338380
10196258	0.2230	0.8826	0.3157	0.321383	-0.042397	-0.946000	-0.037173	0.997662	-0.057341	0.946219	0.053594	0.319056
10196383	0.2220	0.8808	0.3150	0.305001	-0.046027	-0.951239	-0.040832	0.997281	-0.061347	0.951476	0.057551	0.302293
10196509	0.2212	0.8801	0.3092	0.292299	-0.045556	-0.955241	-0.044209	0.997153	-0.061083	0.955304	0.060085	0.289453
10196636	0.2218	0.8785	0.2977	0.284303	-0.043835	-0.957732	-0.048073	0.997046	-0.059905	0.957529	0.063072	0.281356
10196756	0.2234	0.8758	0.2832	0.280340	-0.040733	-0.959036	-0.051397	0.997029	-0.057371	0.958524	0.065374	0.277414
10196885	0.2248	0.8733	0.2646	0.280550	-0.032979	-0.959273	-0.055330	0.997192	-0.050465	0.958243	0.067235	0.277937
10197007	0.2258	0.8715	0.2429	0.284464	-0.026101	-0.958331	-0.058563	0.997289	-0.044545	0.956896	0.068795	0.282165
10197145	0.2278	0.8698	0.2224	0.291392	-0.020307	-0.956388	-0.060492	0.997383	-0.039608	0.954689	0.069395	0.289401
10197259	0.2322	0.8700	0.2023	0.300256	-0.016758	-0.953712	-0.064736	0.997182	-0.037902	0.951660	0.073120	0.298325
10197385	0.2388	0.8681	0.1873	0.309970	-0.013483	-0.950651	-0.066664	0.997130	-0.035878	0.948406	0.074495	0.308182
10197508	0.2442	0.8742	0.1738	0.318779	-0.004628	-0.947818	-0.071876	0.996991	-0.029043	0.945100	0.077384	0.317487
