META	HEADER	GNSS location/orientation script
META	VERSION	1.0.1
META	FORMAT	ASCII
META	CONTENT	DEFAULT
META	TIMESTAMPS	UPTIME
META	END
Uptime	Origin_X	Origin_Y	Origin_Z	Basis_XX	Basis_XY	Basis_XZ	Basis_YX	Basis_YY	Basis_YZ	Basis_ZX	Basis_ZY	Basis_ZZ
10154258	0.8079	0.3634	3.1410	0.992212	0.020630	-0.122843	-0.060316	0.942435	-0.328905	0.108986	0.333753	0.936339
10154380	0.8082	0.3635	3.1408	0.992219	0.019606	-0.122955	-0.059405	0.942422	-0.329106	0.109423	0.333850	0.936254
10154503	0.8081	0.3638	3.1406	0.992228	0.019964	-0.122823	-0.059671	0.942494	-0.328852	0.109195	0.333625	0.936360
10154635	0.8073	0.3635	3.1412	0.992128	0.022324	-0.123222	-0.062043	0.942352	-0.328820	0.108778	0.333877	0.936319
10154760	0.8081	0.3642	3.1405	0.992187	0.021698	-0.122856	-0.061341	0.942351	-0.328955	0.108635	0.333921	0.936320
10154885	0.8079	0.3648	3.1405	0.992196	0.022224	-0.122691	-0.061677	0.942651	-0.328032	0.108365	0.333039	0.936665
10155007	0.8081	0.3643	3.1402	0.992213	0.021565	-0.122673	-0.061005	0.942816	-0.327682	0.108592	0.332614	0.936790
10155142	0.8079	0.3641	3.1404	0.992221	0.021805	-0.122566	-0.061248	0.942646	-0.328126	0.108382	0.333080	0.936649
10155259	0.8077	0.3654	3.1405	0.992131	0.021759	-0.123295	-0.061421	0.942724	-0.327870	0.109099	0.332863	0.936643
10155382	0.8075	0.3641	3.1409	0.992126	0.022060	-0.123285	-0.061785	0.942456	-0.328571	0.108942	0.333601	0.936398
10155508	0.8075	0.3653	3.1403	0.992144	0.021454	-0.123248	-0.061159	0.942609	-0.328249	0.109133	0.333208	0.936516
10155635	0.8072	0.3642	3.1405	0.992149	0.022525	-0.123017	-0.062141	0.942417	-0.328615	0.108531	0.333680	0.936418
10155757	0.8079	0.3653	3.1401	0.992191	0.021760	-0.122816	-0.061338	0.942497	-0.328537	0.108605	0.333505	0.936472
10155883	0.8080	0.3656	3.1400	0.992230	0.021199	-0.122595	-0.060655	0.942765	-0.327896	0.108627	0.332785	0.936725
10156006	0.8080	0.3657	3.1396	0.992188	0.021709	-0.122845	-0.061268	0.942595	-0.328269	0.108666	0.333232	0.936562
10156141	0.8078	0.3660	3.1397	0.992228	0.021137	-0.122627	-0.060713	0.942443	-0.328810	0.108619	0.333699	0.936401
10156258	0.8080	0.3654	3.1403	0.992140	0.021803	-0.123215	-0.061479	0.942591	-0.328241	0.108985	0.333236	0.936523
10156385	0.8083	0.3669	3.1395	0.992211	0.020836	-0.122811	-0.060424	0.942658	-0.328246	0.108930	0.333110	0.936575
10156508	0.8080	0.3668	3.1398	0.992135	0.021396	-0.123333	-0.061090	0.942742	-0.327880	0.109256	0.332836	0.936634
10156634	0.8069	0.3657	3.1408	0.992123	0.022887	-0.123156	-0.062524	0.942416	-0.328546	0.108545	0.333658	0.936424
10156758	0.8085	0.3674	3.1398	0.992220	0.021400	-0.122644	-0.060895	0.942654	-0.328171	0.108588	0.333086	0.936623
10156884	0.8079	0.3677	3.1400	0.992229	0.021254	-0.122599	-0.060711	0.942753	-0.327919	0.108612	0.332814	0.936717
10157006	0.8079	0.3682	3.1398	0.992210	0.020995	-0.122793	-0.060554	0.942697	-0.328108	0.108868	0.332988	0.936625
10157142	0.8078	0.3677	3.1397	0.992209	0.020953	-0.122811	-0.060510	0.942725	-0.328036	0.108904	0.332911	0.936648
10157257	0.8074	0.3666	3.1406	0.992186	0.022489	-0.122724	-0.061820	0.943003	-0.326992	0.108375	0.332024	0.937024
10157383	0.8069	0.3671	3.1403	0.992112	0.023299	-0.123166	-0.062811	0.942721	-0.327617	0.108478	0.332769	0.936748
10157509	0.8071	0.3679	3.1404	0.992163	0.022904	-0.122833	-0.062206	0.943115	-0.326595	0.108366	0.331677	0.937149
10157636	0.8076	0.3667	3.1406	0.992222	0.021723	-0.122569	-0.061144	0.942732	-0.327898	0.108427	0.332842	0.936728
10157759	0.8073	0.3673	3.1396	0.992224	0.020602	-0.122752	-0.060131	0.942830	-0.327806	0.108980	0.332638	0.936736
10157885	0.8074	0.3675	3.1406	0.992220	0.021005	-0.122712	-0.060530	0.942714	-0.328064	0.108791	0.332940	0.936651
10158007	0.8074	0.3689	3.1395	0.992221	0.020600	-0.122771	-0.060142	0.942810	-0.327860	0.108996	0.332694	0.936715
10158139	0.8072	0.3689	3.1398	0.992189	0.021266	-0.122920	-0.060800	0.942840	-0.327652	0.108926	0.332566	0.936768
10158259	0.8081	0.3680	3.1404	0.992136	0.023193	-0.122996	-0.062616	0.942845	-0.327296	0.108375	0.332424	0.936883
10158383	0.8080	0.3694	3.1401	0.992089	0.023978	-0.123227	-0.063271	0.943307	-0.325836	0.108428	0.331055	0.937361
10158508	0.8077	0.3699	3.1401	0.992123	0.022944	-0.123146	-0.062372	0.943035	-0.326794	0.108633	0.331901	0.937038
10158635	0.8084	0.3680	3.1402	0.992192	0.021098	-0.122920	-0.060731	0.942575	-0.328427	0.108932	0.333328	0.936497
10158759	0.8090	0.3693	3.1399	0.992291	0.019723	-0.122351	-0.059200	0.942768	-0.328151	0.108877	0.332864	0.936668
10158882	0.8083	0.3692	3.1397	0.992215	0.020236	-0.122886	-0.059863	0.942742	-0.328107	0.109210	0.332909	0.936614
10159002	0.8084	0.3706	3.1396	0.992263	0.019774	-0.122572	-0.059341	0.942707	-0.328303	0.109058	0.333037	0.936586
10159146	0.8086	0.3708	3.1399	0.992236	0.020336	-0.122695	-0.059853	0.942862	-0.327762	0.109019	0.332561	0.936759
10159259	0.8083	0.3689	3.1404	0.992124	0.022849	-0.123155	-0.062274	0.943071	-0.326708	0.108679	0.331804	0.937067
10159384	0.8080	0.3687	3.1410	0.992075	0.024134	-0.123304	-0.063446	0.943292	-0.325845	0.108447	0.331085	0.937348
10159507	0.8078	0.3694	3.1405	0.992113	0.023673	-0.123095	-0.062965	0.943242	-0.326083	0.108389	0.331262	0.937293
10159634	0.8089	0.3669	3.1411	0.992219	0.020702	-0.122770	-0.060202	0.942914	-0.327550	0.108980	0.332392	0.936824
10159755	0.8091	0.3667	3.1409	0.992224	0.020543	-0.122761	-0.060121	0.942699	-0.328182	0.108984	0.333011	0.936604
10159881	0.8089	0.3673	3.1410	0.992239	0.020699	-0.122612	-0.060204	0.942739	-0.328052	0.108801	0.332887	0.936669
10160007	0.8091	0.3676	3.1408	0.992225	0.021815	-0.122527	-0.061228	0.942696	-0.327986	0.108351	0.332938	0.936703
10160144	0.8087	0.3675	3.1409	0.992217	0.020438	-0.122833	-0.060052	0.942685	-0.328236	0.109084	0.333058	0.936575
10160258	0.8085	0.3660	3.1412	0.992159	0.022797	-0.122885	-0.062247	0.942734	-0.327685	0.108377	0.332764	0.936762
10160383	0.8083	0.3657	3.1414	0.992158	0.022582	-0.122929	-0.062033	0.942825	-0.327463	0.108506	0.332521	0.936833
10160508	0.8086	0.3665	3.1413	0.992187	0.022143	-0.122778	-0.061499	0.943055	-0.326903	0.108548	0.331900	0.937049
10160634	0.8087	0.3642	3.1411	0.992188	0.021404	-0.122902	-0.060977	0.942672	-0.328103	0.108833	0.333034	0.936613
10160757	0.8086	0.3632	3.1417	0.992238	0.021524	-0.122479	-0.060831	0.943035	-0.327086	0.108461	0.331997	0.937024
10160884	0.8083	0.3632	3.1414	0.992191	0.020951	-0.122953	-0.060568	0.942690	-0.328128	0.109032	0.333012	0.936597
10161007	0.8088	0.3631	3.1412	0.992210	0.021300	-0.122744	-0.060851	0.942603	-0.328323	0.108705	0.333235	0.936556
10161144	0.8085	0.3620	3.1413	0.992207	0.021306	-0.122768	-0.060876	0.942567	-0.328421	0.108720	0.333336	0.936519
10161259	0.8094	0.3647	3.1400	0.992303	0.018239	-0.122483	-0.058022	0.942282	-0.329754	0.109400	0.334323	0.936088
10161385	0.8095	0.3638	3.1407	0.992303	0.018646	-0.122421	-0.058367	0.942325	-0.329571	0.109215	0.334180	0.936160
10161508	0.8098	0.3634	3.1409	0.992256	0.018436	-0.122834	-0.058294	0.942368	-0.329460	0.109681	0.334069	0.936145
10161634	0.8095	0.3647	3.1409	0.992209	0.020597	-0.122873	-0.060218	0.942671	-0.328244	0.109068	0.333086	0.936567
10161756	0.8099	0.3636	3.1404	0.992227	0.020228	-0.122785	-0.059914	0.942461	-0.328903	0.109067	0.333703	0.936348
10161884	0.8098	0.3636	3.1412	0.992201	0.020846	-0.122891	-0.060454	0.942675	-0.328191	0.109005	0.333061	0.936583
10162007	0.8095	0.3619	3.1411	0.992224	0.020690	-0.122734	-0.060304	0.942530	-0.328635	0.108881	0.333481	0.936448
10162143	0.8102	0.3623	3.1412	0.992206	0.020692	-0.122876	-0.060320	0.942632	-0.328338	0.109033	0.333191	0.936534
10162260	0.8086	0.3625	3.1408	0.992191	0.019629	-0.123177	-0.059528	0.942334	-0.329337	0.109609	0.334097	0.936144
10162384	0.8091	0.3618	3.1411	0.992241	0.019563	-0.122782	-0.059419	0.942080	-0.330084	0.109213	0.334818	0.935932
10162506	0.8092	0.3609	3.1410	0.992216	0.019411	-0.123003	-0.059307	0.942215	-0.329716	0.109495	0.334445	0.936033
10162630	0.8082	0.3613	3.1412	0.992163	0.021510	-0.123084	-0.061229	0.942388	-0.328870	0.108919	0.333829	0.936320
10162757	0.8095	0.3625	3.1409	0.992235	0.021707	-0.122465	-0.061152	0.942558	-0.328397	0.108302	0.333336	0.936567
10162884	0.8086	0.3612	3.1416	0.992180	0.020857	-0.123063	-0.060527	0.942655	-0.328234	0.109160	0.333116	0.936546
10163007	0.8092	0.3611	3.1407	0.992233	0.022074	-0.122422	-0.061417	0.942751	-0.327794	0.108178	0.332767	0.936784
10163143	0.8095	0.3616	3.1412	0.992219	0.021096	-0.122706	-0.060636	0.942642	-0.328252	0.108744	0.333138	0.936586
10163259	0.8099	0.3642	3.1410	0.992294	0.017880	-0.122608	-0.057644	0.942544	-0.329073	0.109680	0.333604	0.936311
10163380	0.8089	0.3629	3.1415	0.992189	0.018941	-0.123294	-0.059006	0.942095	-0.330113	0.109902	0.334810	0.935855
10163503	0.8092	0.3635	3.1414	0.992226	0.018387	-0.123082	-0.058340	0.942341	-0.329529	0.109926	0.334148	0.936088
10163635	0.8087	0.3647	3.1422	0.992166	0.022174	-0.122942	-0.061750	0.942540	-0.328338	0.108597	0.333357	0.936525
10163758	0.8091	0.3653	3.1413	0.992160	0.020901	-0.123215	-0.060685	0.942454	-0.328783	0.109253	0.333683	0.936333
10163885	0.8095	0.3650	3.1410	0.992244	0.020043	-0.122683	-0.059628	0.942708	-0.328247	0.109075	0.333016	0.936591
10164007	0.8093	0.3643	3.1409	0.992208	0.020344	-0.122918	-0.060011	0.942632	-0.328395	0.109186	0.333213	0.936508
10164142	0.8097	0.3640	3.1409	0.992227	0.019421	-0.122919	-0.059238	0.942371	-0.329284	0.109440	0.334006	0.936196
10164256	0.8086	0.3642	3.1409	0.992242	0.019119	-0.122843	-0.058946	0.942326	-0.329464	0.109459	0.334149	0.936143
10164380	0.8092	0.3643	3.1407	0.992239	0.020496	-0.122647	-0.060197	0.942218	-0.329548	0.108806	0.334373	0.936139
10164508	0.8086	0.3656	3.1404	0.992232	0.019343	-0.122890	-0.059108	0.942513	-0.328901	0.109463	0.333610	0.936334
10164634	0.8086	0.3664	3.1408	0.992216	0.019846	-0.122934	-0.059544	0.942659	-0.328404	0.109367	0.333168	0.936503
10164757	0.8089	0.3671	3.1401	0.992263	0.019275	-0.122648	-0.058910	0.942679	-0.328459	0.109287	0.333143	0.936521
10164883	0.8093	0.3673	3.1405	0.992274	0.019482	-0.122526	-0.059018	0.942815	-0.328048	0.109128	0.332745	0.936681
10165007	0.8087	0.3680	3.1401	0.992212	0.019952	-0.122955	-0.059592	0.942831	-0.327900	0.109383	0.332673	0.936677
10165143	0.8090	0.3674	3.1403	0.992216	0.019734	-0.122954	-0.059446	0.942660	-0.328417	0.109422	0.333170	0.936496
10165258	0.8087	0.3674	3.1411	0.992289	0.019599	-0.122382	-0.059031	0.942966	-0.327612	0.108981	0.332310	0.936853
10165384	0.8090	0.3671	3.1412	0.992204	0.020289	-0.122965	-0.059921	0.942796	-0.327940	0.109277	0.332752	0.936662
10165508	0.8095	0.3671	3.1410	0.992253	0.019869	-0.122632	-0.059503	0.942543	-0.328743	0.109054	0.333494	0.936424
10165635	0.8093	0.3660	3.1413	0.992205	0.020931	-0.122847	-0.060617	0.942372	-0.329030	0.108880	0.333911	0.936295
10165758	0.8088	0.3662	3.1420	0.992218	0.020685	-0.122783	-0.060283	0.942630	-0.328350	0.108947	0.333197	0.936542
10165884	0.8088	0.3665	3.1417	0.992239	0.020265	-0.122686	-0.059903	0.942500	-0.328793	0.108969	0.333590	0.936399
10166007	0.8091	0.3666	3.1418	0.992227	0.020330	-0.122768	-0.059966	0.942576	-0.328563	0.109038	0.333371	0.936469
10166142	0.8092	0.3660	3.1421	0.992230	0.021335	-0.122574	-0.060952	0.942222	-0.329398	0.108465	0.334310	0.936201
10166256	0.8091	0.3668	3.1415	0.992220	0.020685	-0.122769	-0.060319	0.942509	-0.328693	0.108912	0.333541	0.936423
10166382	0.8094	0.3663	3.1417	0.992156	0.021743	-0.123097	-0.061501	0.942233	-0.329265	0.108827	0.334253	0.936179
10166507	0.8092	0.3662	3.1418	0.992197	0.021020	-0.122899	-0.060815	0.942073	-0.329849	0.108846	0.334749	0.936000
10166634	0.8097	0.3660	3.1418	0.992170	0.021219	-0.123080	-0.061137	0.941839	-0.330456	0.108910	0.335393	0.935762
10166759	0.8100	0.3656	3.1410	0.992170	0.021063	-0.123105	-0.060990	0.941871	-0.330393	0.108990	0.335314	0.935781
10166884	0.8087	0.3656	3.1418	0.992126	0.021644	-0.123360	-0.061570	0.942006	-0.329900	0.109065	0.334897	0.935921
10167005	0.8091	0.3652	3.1411	0.992147	0.022602	-0.123017	-0.062419	0.941783	-0.330378	0.108388	0.335462	0.935798
10167138	0.8091	0.3657	3.1413	0.992122	0.022248	-0.123285	-0.062133	0.941922	-0.330033	0.108782	0.335093	0.935884
10167262	0.8082	0.3653	3.1416	0.992142	0.022562	-0.123066	-0.062332	0.941985	-0.329816	0.108485	0.334895	0.935990
10167386	0.8091	0.3656	3.1413	0.992165	0.022504	-0.122889	-0.062199	0.942047	-0.329665	0.108348	0.334725	0.936066
10167508	0.8091	0.3657	3.1411	0.992165	0.022297	-0.122929	-0.062041	0.941983	-0.329877	0.108442	0.334919	0.935986
10167634	0.8086	0.3656	3.1415	0.992178	0.021071	-0.123039	-0.060918	0.942045	-0.329908	0.108957	0.334823	0.935961
10167758	0.8089	0.3650	3.1413	0.992183	0.021313	-0.122959	-0.061177	0.941857	-0.330399	0.108768	0.335338	0.935798
10167882	0.8087	0.3653	3.1414	0.992176	0.021274	-0.123024	-0.061086	0.942095	-0.329737	0.108885	0.334672	0.936023
10168002	0.8086	0.3662	3.1407	0.992161	0.020570	-0.123264	-0.060552	0.941969	-0.330194	0.109319	0.335070	0.935830
10168143	0.8086	0.3672	3.1402	0.992171	0.019350	-0.123377	-0.059349	0.942293	-0.329487	0.109881	0.334230	0.936064
10168259	0.8098	0.3688	3.1405	0.992288	0.018414	-0.122577	-0.057956	0.943074	-0.327495	0.109569	0.332074	0.936868
10168383	0.8096	0.3697	3.1399	0.992300	0.018114	-0.122529	-0.057597	0.943265	-0.327007	0.109654	0.331546	0.937045
10168507	0.8083	0.3676	3.1404	0.992147	0.020864	-0.123326	-0.060553	0.942865	-0.327626	0.109444	0.332521	0.936724
10168634	0.8089	0.3685	3.1411	0.992267	0.018632	-0.122715	-0.058173	0.943170	-0.327180	0.109645	0.331789	0.936960
10168756	0.8090	0.3684	3.1411	0.992226	0.017658	-0.123189	-0.057393	0.943257	-0.327066	0.110423	0.331594	0.936938
10168880	0.8095	0.3668	3.1426	0.992230	0.018149	-0.123084	-0.057901	0.943003	-0.327710	0.110121	0.332290	0.936727
10169007	0.8096	0.3702	3.1407	0.992252	0.018204	-0.122900	-0.057768	0.943374	-0.326662	0.109994	0.331231	0.937116
10169142	0.8095	0.3689	3.1413	0.992274	0.018872	-0.122625	-0.058325	0.943297	-0.326786	0.109504	0.331413	0.937109
10169258	0.8082	0.3679	3.1425	0.992251	0.021516	-0.122375	-0.060803	0.942993	-0.327210	0.108358	0.332115	0.936994
10169382	0.8092	0.3669	3.1417	0.992316	0.021306	-0.121883	-0.060476	0.942898	-0.327545	0.107945	0.332399	0.936941
10169508	0.8076	0.3653	3.1417	0.992161	0.021653	-0.123074	-0.061432	0.942163	-0.329476	0.108822	0.334454	0.936108
10169633	0.8078	0.3649	3.1416	0.992227	0.020217	-0.122791	-0.059975	0.942249	-0.329501	0.109038	0.334304	0.936137
10169756	0.8082	0.3653	3.1420	0.992205	0.021276	-0.122787	-0.060998	0.942127	-0.329659	0.108667	0.334580	0.936081
10169884	0.8080	0.3653	3.1416	0.992188	0.021062	-0.122961	-0.060954	0.941829	-0.330518	0.108847	0.335431	0.935756
10170007	0.8077	0.3661	3.1414	0.992205	0.021627	-0.122724	-0.061435	0.941722	-0.330735	0.108419	0.335696	0.935710
10170145	0.8083	0.3667	3.1411	0.992170	0.020917	-0.123127	-0.060842	0.941931	-0.330249	0.109069	0.335155	0.935829
10170259	0.8080	0.3655	3.1410	0.992173	0.022600	-0.122811	-0.062304	0.941920	-0.330008	0.108220	0.335077	0.935955
10170383	0.8087	0.3653	3.1413	0.992186	0.021528	-0.122895	-0.061307	0.942007	-0.329947	0.108665	0.334903	0.935966
10170507	0.8087	0.3671	3.1407	0.992206	0.021692	-0.122702	-0.061337	0.942188	-0.329423	0.108463	0.334382	0.936175
10170634	0.8086	0.3663	3.1416	0.992203	0.021219	-0.122814	-0.060980	0.942049	-0.329886	0.108697	0.334803	0.935998
10170755	0.8088	0.3668	3.1406	0.992213	0.020973	-0.122775	-0.060739	0.942045	-0.329943	0.108740	0.334831	0.935983
10170883	0.8091	0.3676	3.1409	0.992246	0.020611	-0.122571	-0.060312	0.942115	-0.329820	0.108678	0.334655	0.936053
10171006	0.8092	0.3684	3.1406	0.992245	0.020100	-0.122658	-0.059857	0.942142	-0.329826	0.108932	0.334611	0.936039
10171146	0.8136	0.3810	3.1421	0.992058	0.006954	-0.125589	-0.048733	0.941735	-0.332808	0.115957	0.336285	0.934594
10171259	0.8132	0.4208	3.1518	0.991411	0.001863	-0.130767	-0.045909	0.941225	-0.334647	0.122458	0.337776	0.933226
10171383	0.8160	0.4763	3.1580	0.991080	-0.002006	-0.133253	-0.044046	0.938766	-0.341729	0.125779	0.344550	0.930304
10171506	0.8204	0.5317	3.1511	0.990891	-0.022205	-0.132824	-0.029121	0.927642	-0.372334	0.131481	0.372810	0.918545
10171629	0.8238	0.5967	3.1437	0.990924	-0.034120	-0.130023	-0.021858	0.913481	-0.406294	0.132637	0.405448	0.904444
10171757	0.8263	0.6723	3.1384	0.991331	-0.032708	-0.127249	-0.024984	0.903918	-0.426975	0.128988	0.426453	0.895265
10171884	0.8292	0.7582	3.1310	0.991510	-0.025611	-0.127482	-0.033091	0.898431	-0.437865	0.125748	0.438367	0.889956
10172007	0.8333	0.8461	3.1236	0.991453	-0.020583	-0.128828	-0.038313	0.897998	-0.438328	0.124709	0.439517	0.889535
10172143	0.8274	0.9255	3.1062	0.991427	-0.013176	-0.129999	-0.045924	0.896293	-0.441078	0.122329	0.443266	0.888004
10172260	0.8023	0.9864	3.0791	0.990690	0.008652	-0.135861	-0.067210	0.898961	-0.432841	0.118389	0.437943	0.891174
10172381	0.7666	1.0361	3.0398	0.989593	0.030271	-0.140674	-0.087534	0.902569	-0.421552	0.114207	0.429479	0.895826
10172503	0.7209	1.0833	2.9923	0.988521	0.046384	-0.143786	-0.102163	0.906351	-0.409989	0.111304	0.419973	0.900686
10172635	0.6719	1.1238	2.9389	0.988007	0.049933	-0.146115	-0.106108	0.907009	-0.407523	0.112178	0.418140	0.901429
10172760	0.6297	1.1526	2.8744	0.987760	0.048205	-0.148347	-0.105736	0.906120	-0.409593	0.114675	0.420265	0.900126
10172885	0.5907	1.1683	2.8029	0.987181	0.051674	-0.151006	-0.110686	0.903301	-0.414483	0.114986	0.425884	0.897441
10173008	0.5554	1.1786	2.7201	0.986602	0.057581	-0.152647	-0.117677	0.899215	-0.421384	0.112999	0.433701	0.893943
10173144	0.5252	1.1734	2.6304	0.985604	0.060140	-0.158010	-0.122797	0.897043	-0.424540	0.116210	0.437832	0.891515
10173258	0.4968	1.1612	2.5361	0.984655	0.055997	-0.165285	-0.122327	0.896955	-0.424862	0.124463	0.438561	0.890041
10173382	0.4718	1.1590	2.4425	0.983576	0.046881	-0.174300	-0.117105	0.900592	-0.418593	0.137349	0.432130	0.891291
10173509	0.4432	1.1788	2.3546	0.982270	0.037624	-0.183659	-0.111675	0.904304	-0.412022	0.150582	0.425227	0.892472
10173635	0.4126	1.2048	2.2753	0.980532	0.037633	-0.192717	-0.112805	0.911300	-0.395990	0.160721	0.410020	0.897804
10173757	0.3788	1.2184	2.1978	0.979695	0.044891	-0.195403	-0.117817	0.917485	-0.379922	0.162224	0.395229	0.904144
10173883	0.3407	1.2126	2.1138	0.978780	0.051109	-0.198438	-0.122570	0.922080	-0.367078	0.164215	0.383611	0.908777
10174007	0.2986	1.1963	2.0239	0.978847	0.054146	-0.197300	-0.123034	0.926277	-0.356193	0.163468	0.372933	0.913345
10174141	0.2488	1.1825	1.9309	0.978976	0.064191	-0.193610	-0.128538	0.931152	-0.341225	0.158377	0.358937	0.919827
10174258	0.2072	1.1833	1.8383	0.979981	0.055795	-0.191114	-0.117609	0.936775	-0.329578	0.160642	0.345457	0.924583
10174384	0.1729	1.1896	1.7450	0.981938	0.044602	-0.183868	-0.102594	0.942058	-0.319376	0.158970	0.332471	0.929619
10174508	0.1452	1.2041	1.6586	0.983287	0.040241	-0.177560	-0.095152	0.945058	-0.312748	0.155220	0.324416	0.933092
10174635	0.1295	1.2043	1.5763	0.984738	0.037909	-0.169864	-0.088794	0.948845	-0.303001	0.149688	0.313459	0.937730
10174758	0.1234	1.1953	1.4928	0.985853	0.032649	-0.164403	-0.080431	0.952690	-0.293110	0.147056	0.302186	0.941838
10174885	0.1189	1.1939	1.4058	0.986152	0.033257	-0.162473	-0.079684	0.954209	-0.288333	0.145444	0.297287	0.943645
10175007	0.1152	1.1959	1.3262	0.985672	0.036168	-0.164752	-0.082611	0.955088	-0.284575	0.147060	0.294108	0.944391
10175143	0.1050	1.1976	1.2505	0.985567	0.038713	-0.164801	-0.084512	0.956030	-0.280827	0.146683	0.290702	0.945503
10175257	0.0933	1.1989	1.1818	0.985401	0.036700	-0.166249	-0.083377	0.955403	-0.283291	0.148438	0.293017	0.944514
10175385	0.0809	1.1953	1.1204	0.985671	0.034190	-0.165177	-0.080585	0.955713	-0.283054	0.148184	0.292309	0.944774
10175508	0.0656	1.1868	1.0655	0.986134	0.037856	-0.161577	-0.083007	0.955605	-0.282717	0.143701	0.292209	0.945497
10175636	0.0464	1.1774	1.0116	0.987012	0.048267	-0.153224	-0.090613	0.954857	-0.282910	0.132652	0.293119	0.946829
10175759	0.0259	1.1753	0.9634	0.988123	0.054660	-0.143618	-0.094267	0.953699	-0.285609	0.121356	0.295755	0.947524
10175885	0.0083	1.1713	0.9172	0.989639	0.052187	-0.133758	-0.089905	0.951597	-0.293904	0.111946	0.302885	0.946430
10176007	-0.0068	1.1673	0.8743	0.991380	0.045894	-0.122721	-0.081918	0.948113	-0.307197	0.102255	0.314602	0.943700
10176140	-0.0187	1.1644	0.8406	0.993036	0.041348	-0.110316	-0.074912	0.944319	-0.320391	0.090926	0.326424	0.940840
10176260	-0.0243	1.1644	0.8121	0.994380	0.035384	-0.099781	-0.066799	0.940895	-0.332046	0.082134	0.336845	0.937971
10176385	-0.0251	1.1600	0.7851	0.995221	0.032866	-0.091947	-0.062398	0.938362	-0.339976	0.075106	0.344089	0.935928
10176510	-0.0210	1.1532	0.7591	0.995636	0.032343	-0.087540	-0.060700	0.936933	-0.344198	0.070886	0.348009	0.934807
10176635	-0.0126	1.1466	0.7339	0.995743	0.033312	-0.085949	-0.061086	0.936746	-0.344638	0.069032	0.348421	0.934793
10176759	-0.0041	1.1400	0.7103	0.995600	0.034672	-0.087051	-0.062811	0.936341	-0.345428	0.069533	0.349376	0.934399
10176882	0.0065	1.1299	0.6890	0.995298	0.033513	-0.090878	-0.063244	0.935480	-0.347675	0.073363	0.351787	0.933201
10177003	0.0164	1.1223	0.6690	0.994940	0.027461	-0.096644	-0.059756	0.935027	-0.349505	0.080767	0.353512	0.931937
10177147	0.0217	1.1137	0.6496	0.994396	0.024455	-0.102854	-0.059466	0.933769	-0.352900	0.087411	0.357039	0.929991
10177262	0.0219	1.1026	0.6311	0.994104	0.021982	-0.106178	-0.058815	0.931976	-0.357718	0.091091	0.361854	0.927774
10177385	0.0131	1.0984	0.6165	0.994348	0.022956	-0.103654	-0.059324	0.929835	-0.363163	0.088044	0.367259	0.925942
10177509	-0.0014	1.0935	0.6014	0.995122	0.026089	-0.095141	-0.059553	0.927723	-0.368488	0.078651	0.372356	0.924751
10177634	-0.0197	1.0881	0.5873	0.996520	0.028378	-0.078379	-0.055844	0.925353	-0.374971	0.061887	0.378043	0.923717
10177756	-0.0459	1.0890	0.5728	0.997875	0.034090	-0.055527	-0.052772	0.922701	-0.381888	0.038216	0.384007	0.922539
10177882	-0.0690	1.0892	0.5578	0.998765	0.039501	-0.030152	-0.048119	0.920270	-0.388314	0.012409	0.389285	0.921034
10178008	-0.0882	1.0888	0.5430	0.999154	0.040935	-0.003914	-0.039175	0.918590	-0.393265	-0.012503	0.393086	0.919417
10178145	-0.1019	1.0880	0.5298	0.999121	0.035297	0.022622	-0.023449	0.917786	-0.396383	-0.034753	0.395504	0.917807
10178260	-0.1135	1.0897	0.5184	0.998485	0.031135	0.045373	-0.010674	0.918465	-0.395358	-0.053983	0.394275	0.917406
10178384	-0.1235	1.0900	0.5097	0.997519	0.027146	0.064948	0.000432	0.920272	-0.391279	-0.070391	0.390336	0.917978
10178509	-0.1290	1.0902	0.5039	0.996527	0.022069	0.080293	0.010598	0.922783	-0.385175	-0.082594	0.384688	0.919344
10178634	-0.1330	1.0910	0.5001	0.995534	0.020910	0.092054	0.015621	0.925224	-0.379099	-0.093097	0.378844	0.920766
10178758	-0.1359	1.0928	0.4962	0.994657	0.022242	0.100810	0.017388	0.926466	-0.375977	-0.101759	0.375721	0.921129
10178885	-0.1382	1.0926	0.4932	0.994087	0.021482	0.106442	0.020033	0.927128	-0.374208	-0.106724	0.374128	0.921216
10179008	-0.1395	1.0931	0.4904	0.993733	0.020935	0.109798	0.021769	0.927247	-0.373816	-0.109635	0.373864	0.920981
10179145	-0.1409	1.0927	0.4887	0.993727	0.020075	0.110019	0.022940	0.926248	-0.376217	-0.109457	0.376381	0.919976
10179262	-0.1432	1.0887	0.4871	0.994002	0.021646	0.107202	0.020765	0.925031	-0.379324	-0.107376	0.379275	0.919032
10179387	-0.1422	1.0874	0.4862	0.994303	0.020886	0.104523	0.020682	0.924174	-0.381412	-0.104563	0.381401	0.918477
10179508	-0.1414	1.0865	0.4853	0.994548	0.022817	0.101754	0.018254	0.922612	-0.385296	-0.102671	0.385053	0.917166
10179635	-0.1393	1.0832	0.4841	0.994751	0.023110	0.099682	0.017627	0.920896	-0.389409	-0.100796	0.389122	0.915655
10179757	-0.1367	1.0811	0.4825	0.994862	0.024885	0.098134	0.015796	0.919293	-0.393257	-0.100000	0.392787	0.914176
10179885	-0.1339	1.0797	0.4808	0.994981	0.026560	0.096473	0.013932	0.917963	-0.396421	-0.099087	0.395775	0.912986
10180008	-0.1307	1.0789	0.4801	0.995045	0.025368	0.096137	0.015124	0.917038	-0.398513	-0.098271	0.397992	0.912110
10180145	-0.1276	1.0779	0.4806	0.995070	0.025186	0.095926	0.015380	0.916331	-0.400125	-0.097978	0.399628	0.911426
10180260	-0.1265	1.0768	0.4822	0.995117	0.024670	0.095567	0.015810	0.915916	-0.401060	-0.097425	0.400612	0.911053
10180386	-0.1274	1.0786	0.4842	0.995425	0.022936	0.092748	0.016148	0.916405	-0.399926	-0.094167	0.399594	0.911843
10180508	-0.1310	1.0814	0.4852	0.996055	0.018001	0.086895	0.018100	0.917416	-0.397519	-0.086875	0.397523	0.913470
10180632	-0.1352	1.0838	0.4882	0.996809	0.010432	0.079144	0.021595	0.919220	-0.393152	-0.076852	0.393607	0.916061
10180761	-0.1416	1.0857	0.4899	0.997578	0.007059	0.069200	0.020536	0.920606	-0.389953	-0.066459	0.390430	0.918231
10180885	-0.1457	1.0874	0.4915	0.998315	0.004414	0.057851	0.018303	0.922228	-0.386213	-0.055056	0.386622	0.920594
10181009	-0.1488	1.0877	0.4921	0.998913	0.002984	0.046528	0.015142	0.923090	-0.384286	-0.044096	0.384573	0.922041
10181140	-0.1503	1.0858	0.4930	0.999336	0.003579	0.036263	0.010584	0.923755	-0.382837	-0.034868	0.382966	0.923104
10181258	-0.1504	1.0853	0.4918	0.999600	0.005346	0.027773	0.005699	0.923763	-0.382922	-0.027703	0.382927	0.923363
10181384	-0.1489	1.0845	0.4903	0.999736	0.007732	0.021622	0.001169	0.923249	-0.384201	-0.022933	0.384125	0.922996
10181504	-0.1454	1.0842	0.4880	0.999799	0.007649	0.018524	0.000089	0.922610	-0.385735	-0.020041	0.385659	0.922424
10181635	-0.1405	1.0826	0.4870	0.999829	0.007221	0.017052	-0.000059	0.922079	-0.387002	-0.018517	0.386935	0.921921
10181759	-0.1336	1.0822	0.4861	0.999819	0.007532	0.017479	-0.000133	0.921103	-0.389318	-0.019032	0.389245	0.920938
10181885	-0.1259	1.0811	0.4852	0.999777	0.008116	0.019509	0.000173	0.920120	-0.391637	-0.021130	0.391553	0.919913
10182008	-0.1167	1.0796	0.4845	0.999706	0.008189	0.022827	0.001478	0.918944	-0.394386	-0.024207	0.394304	0.918661
10182145	-0.1064	1.0789	0.4838	0.999602	0.006777	0.027385	0.004635	0.918071	-0.396389	-0.027828	0.396358	0.917674
10182258	-0.0968	1.0801	0.4808	0.999449	0.006509	0.032539	0.006985	0.917342	-0.398038	-0.032440	0.398046	0.916792
10182382	-0.0847	1.0808	0.4804	0.999240	0.005018	0.038659	0.010755	0.917715	-0.397094	-0.037470	0.397208	0.916963
10182510	-0.0730	1.0809	0.4797	0.998996	0.002933	0.044704	0.015048	0.917905	-0.396514	-0.042197	0.396789	0.916939
10182637	-0.0598	1.0807	0.4798	0.998699	0.000753	0.050984	0.019542	0.917892	-0.396350	-0.047096	0.396831	0.916683
10182759	-0.0473	1.0800	0.4801	0.998330	-0.001049	0.057758	0.023787	0.918608	-0.394454	-0.052643	0.395169	0.917099
10182884	-0.0329	1.0817	0.4807	0.997890	-0.002369	0.064884	0.027602	0.920013	-0.390915	-0.058768	0.391881	0.918137
10183008	-0.0179	1.0826	0.4805	0.997378	-0.002424	0.072325	0.030377	0.921144	-0.388034	-0.065681	0.389213	0.918803
10183144	-0.0026	1.0841	0.4811	0.996834	-0.002952	0.079458	0.033366	0.922600	-0.384311	-0.072174	0.385746	0.919778
10183258	0.0129	1.0833	0.4807	0.996310	-0.002387	0.085798	0.035200	0.923048	-0.383071	-0.078282	0.384677	0.919726
10183384	0.0281	1.0842	0.4823	0.995739	-0.002743	0.092178	0.037665	0.924483	-0.379359	-0.084177	0.381215	0.920646
10183508	0.0436	1.0849	0.4850	0.995252	-0.003402	0.097271	0.039959	0.925565	-0.376475	-0.088750	0.378574	0.921306
10183637	0.0586	1.0861	0.4884	0.994786	-0.003526	0.101925	0.041478	0.927003	-0.372753	-0.093171	0.375037	0.922316
10183759	0.0728	1.0884	0.4922	0.994604	-0.001299	0.103739	0.039808	0.928161	-0.370045	-0.095806	0.372178	0.923204
10183885	0.0856	1.0921	0.4948	0.994688	-0.000073	0.102939	0.038049	0.929441	-0.367004	-0.095649	0.368971	0.924506
10184007	0.0977	1.0956	0.4976	0.995017	0.002088	0.099685	0.034404	0.931189	-0.362910	-0.093583	0.364531	0.926477
10184143	0.1067	1.0995	0.5013	0.995655	0.004409	0.093012	0.029426	0.932792	-0.359211	-0.088345	0.360387	0.928610
10184256	0.1131	1.1003	0.5050	0.996411	0.005353	0.084473	0.025112	0.934370	-0.355417	-0.080832	0.356263	0.930883
10184383	0.1149	1.1019	0.5070	0.997327	0.006571	0.072771	0.019568	0.935545	-0.352666	-0.070398	0.353148	0.932915
10184509	0.1152	1.1008	0.5079	0.998296	0.004166	0.058197	0.016604	0.935919	-0.351824	-0.055934	0.352191	0.934255
10184638	0.1154	1.1001	0.5095	0.999140	0.001607	0.041438	0.013117	0.935695	-0.352565	-0.039339	0.352805	0.934870
10184758	0.1143	1.0996	0.5090	0.999716	0.000910	0.023820	0.007607	0.934837	-0.354996	-0.022591	0.355076	0.934564
10184885	0.1123	1.0980	0.5094	0.999986	-0.000421	0.005355	0.002312	0.933558	-0.358420	-0.004848	0.358427	0.933545
10185007	0.1103	1.0981	0.5097	0.999897	-0.002785	-0.014095	-0.002492	0.932543	-0.361050	0.014150	0.361048	0.932440
10185140	0.1056	1.0975	0.5087	0.999441	-0.003417	-0.033248	-0.008843	0.932275	-0.361643	0.032232	0.361735	0.931723
10185258	0.0973	1.0941	0.5090	0.998696	-0.001784	-0.051021	-0.016700	0.932988	-0.359520	0.048243	0.359903	0.931742
10185385	0.0876	1.0945	0.5052	0.997772	0.003261	-0.066639	-0.026909	0.933637	-0.357208	0.061052	0.358205	0.931645
10185509	0.0770	1.0952	0.5017	0.996749	0.007158	-0.080248	-0.035288	0.934208	-0.354979	0.072428	0.356657	0.931424
10185637	0.0669	1.0968	0.4992	0.995516	0.007964	-0.094259	-0.041041	0.934146	-0.354523	0.085228	0.356801	0.930284
10185758	0.0539	1.0946	0.4963	0.994196	0.011555	-0.106959	-0.049116	0.933305	-0.355711	0.095715	0.358900	0.928455
10185882	0.0404	1.0929	0.4954	0.992713	0.015842	-0.119458	-0.058002	0.931749	-0.358440	0.105627	0.362757	0.925878
10186002	0.0249	1.0897	0.4926	0.990968	0.018873	-0.132763	-0.066008	0.930447	-0.360432	0.116727	0.365941	0.923289
10186143	0.0116	1.0881	0.4873	0.989192	0.019087	-0.145376	-0.071192	0.929299	-0.362403	0.128181	0.368836	0.920614
10186259	-0.0025	1.0819	0.4847	0.987293	0.020885	-0.157533	-0.077789	0.927949	-0.364498	0.138570	0.372121	0.917782
10186384	-0.0147	1.0762	0.4798	0.985258	0.021444	-0.169724	-0.083454	0.926303	-0.367421	0.149336	0.376169	0.914437
10186508	-0.0231	1.0743	0.4756	0.983331	0.020802	-0.180629	-0.087528	0.924909	-0.369977	0.159369	0.379620	0.911312
10186636	-0.0322	1.0712	0.4731	0.981247	0.019037	-0.191814	-0.090454	0.924216	-0.371004	0.170214	0.381396	0.908605
10186755	-0.0383	1.0704	0.4722	0.978538	0.015018	-0.205519	-0.091972	0.924324	-0.370360	0.184404	0.381313	0.905867
10186882	-0.0421	1.0724	0.4740	0.975077	0.008821	-0.221692	-0.092064	0.925211	-0.368116	0.201864	0.379351	0.902964
10187008	-0.0416	1.0730	0.4756	0.971109	0.007562	-0.238518	-0.096782	0.926091	-0.364677	0.218131	0.377225	0.900067
10187145	-0.0334	1.0744	0.4758	0.966620	0.002067	-0.256208	-0.097927	0.927028	-0.361981	0.236763	0.374987	0.896285
10187260	-0.0187	1.0760	0.4738	0.962077	-0.002458	-0.272767	-0.099488	0.927917	-0.359265	0.253989	0.372778	0.892483
10187384	0.0003	1.0766	0.4712	0.957680	-0.002778	-0.287820	-0.104245	0.928721	-0.355823	0.268293	0.370769	0.889128
10187508	0.0212	1.0763	0.4674	0.953286	-0.005564	-0.302019	-0.106565	0.929352	-0.353480	0.282649	0.369152	0.885345
10187636	0.0434	1.0730	0.4632	0.949339	-0.009353	-0.314113	-0.108024	0.928932	-0.354141	0.295102	0.370131	0.880862
10187756	0.0645	1.0715	0.4585	0.945736	-0.014528	-0.324611	-0.107714	0.928497	-0.355374	0.306563	0.371055	0.876548
10187885	0.0874	1.0691	0.4534	0.942946	-0.019376	-0.332382	-0.106580	0.928208	-0.356470	0.315427	0.371557	0.873184
10188008	0.1078	1.0674	0.4494	0.940521	-0.018964	-0.339205	-0.109940	0.927728	-0.356698	0.321455	0.372774	0.870463
10188144	0.1291	1.0624	0.4439	0.938908	-0.018037	-0.343695	-0.113350	0.926707	-0.358283	0.324967	0.375352	0.868048
10188259	0.1495	1.0642	0.4353	0.937874	-0.015766	-0.346617	-0.116837	0.926279	-0.358269	0.326712	0.376509	0.866891
10188385	0.1706	1.0616	0.4276	0.937367	-0.014834	-0.348027	-0.118519	0.925905	-0.358681	0.327561	0.377464	0.866155
10188509	0.1921	1.0599	0.4200	0.937162	-0.013566	-0.348631	-0.120104	0.925627	-0.358872	0.327571	0.378193	0.865833
10188637	0.2123	1.0572	0.4129	0.937203	-0.010869	-0.348616	-0.122624	0.925438	-0.358508	0.326519	0.378743	0.865990
10188756	0.2331	1.0568	0.4080	0.937058	-0.009921	-0.349032	-0.123559	0.925499	-0.358029	0.326581	0.378620	0.866021
10188884	0.2537	1.0568	0.4029	0.936851	-0.007938	-0.349639	-0.125097	0.925992	-0.356216	0.326591	0.377460	0.866523
10189007	0.2730	1.0565	0.3975	0.936353	-0.006509	-0.351000	-0.126350	0.926578	-0.354243	0.327535	0.376046	0.866782
10189146	0.2904	1.0576	0.3929	0.935397	-0.003336	-0.353583	-0.129598	0.927137	-0.351598	0.328993	0.374707	0.866809
10189262	0.3006	1.0636	0.3852	0.933472	0.000020	-0.358652	-0.133799	0.927826	-0.348191	0.332759	0.373014	0.866102
10189384	0.3060	1.0637	0.3796	0.930946	0.007062	-0.365087	-0.142055	0.928058	-0.344279	0.336391	0.372368	0.864976
10189507	0.3049	1.0637	0.3744	0.927595	0.016998	-0.373200	-0.153291	0.928313	-0.338728	0.340689	0.371411	0.863705
10189630	0.2978	1.0621	0.3728	0.923711	0.029299	-0.381969	-0.166298	0.928895	-0.330906	0.345114	0.369182	0.862903
10189758	0.2916	1.0658	0.3735	0.919522	0.031891	-0.391742	-0.171067	0.929818	-0.325844	0.353858	0.366635	0.860444
10189884	0.2834	1.0682	0.3764	0.914926	0.027998	-0.402649	-0.170743	0.930782	-0.323251	0.365728	0.364500	0.856377
10190008	0.2726	1.0671	0.3813	0.909876	0.026956	-0.414003	-0.173096	0.931550	-0.319768	0.377045	0.362611	0.852262
10190144	0.2605	1.0673	0.3876	0.903605	0.023661	-0.427713	-0.174213	0.932470	-0.316465	0.391342	0.360472	0.846706
10190259	0.2477	1.0683	0.3897	0.896459	0.018890	-0.442724	-0.174969	0.932999	-0.314481	0.407121	0.359383	0.839700
10190381	0.2359	1.0688	0.3947	0.889047	0.015328	-0.457560	-0.176655	0.933524	-0.311972	0.422361	0.358188	0.832654
10190504	0.2250	1.0677	0.3987	0.881458	0.014369	-0.472043	-0.180885	0.933585	-0.309354	0.436247	0.358069	0.825515
10190638	0.2144	1.0671	0.4030	0.873557	0.014977	-0.486491	-0.186244	0.933742	-0.305679	0.449679	0.357634	0.818466
10190758	0.2046	1.0681	0.4072	0.864807	0.014792	-0.501887	-0.191231	0.933935	-0.301986	0.464263	0.357136	0.810502
10190884	0.1943	1.0676	0.4127	0.856051	0.014487	-0.516689	-0.195880	0.934143	-0.298342	0.478339	0.356605	0.802511
10191006	0.1829	1.0673	0.4191	0.846327	0.019147	-0.532320	-0.204772	0.934252	-0.291960	0.491731	0.356098	0.794604
10191142	0.1718	1.0692	0.4268	0.836779	0.020622	-0.547153	-0.210937	0.934301	-0.287379	0.505279	0.355888	0.786153
10191260	0.1603	1.0717	0.4354	0.826672	0.023480	-0.562194	-0.218656	0.934011	-0.282513	0.518462	0.356472	0.777255
10191382	0.1513	1.0712	0.4441	0.816417	0.022755	-0.577015	-0.225011	0.932781	-0.281584	0.531821	0.359724	0.766658
10191509	0.1449	1.0709	0.4534	0.805472	0.020534	-0.592279	-0.229713	0.932087	-0.280084	0.546304	0.361653	0.755486
10191637	0.1403	1.0692	0.4600	0.794432	0.016829	-0.607120	-0.234493	0.930606	-0.281044	0.560260	0.365635	0.743249
10191758	0.1404	1.0675	0.4605	0.783167	0.011994	-0.621696	-0.238639	0.929051	-0.282695	0.574196	0.369758	0.730464
10191883	0.1429	1.0676	0.4557	0.772505	0.008728	-0.634949	-0.244137	0.927136	-0.284282	0.586203	0.374624	0.718348
10192007	0.1522	1.0684	0.4469	0.761936	0.008045	-0.647602	-0.251202	0.925315	-0.284057	0.596951	0.379113	0.707052
10192141	0.1674	1.0704	0.4365	0.751319	0.006351	-0.659908	-0.256677	0.924032	-0.283340	0.607977	0.382262	0.695873
10192257	0.1874	1.0712	0.4230	0.740708	0.005255	-0.671807	-0.262439	0.922781	-0.282136	0.618448	0.385288	0.684890
10192384	0.2081	1.0711	0.4086	0.730934	0.002215	-0.682444	-0.265719	0.922004	-0.281606	0.628593	0.387174	0.674513
10192508	0.2283	1.0724	0.3944	0.721431	-0.002778	-0.692481	-0.266352	0.921950	-0.281186	0.639214	0.387300	0.664383
10192637	0.2499	1.0721	0.3785	0.713068	-0.008630	-0.701041	-0.265465	0.922149	-0.281372	0.648893	0.386739	0.655264
10192758	0.2700	1.0704	0.3626	0.705990	-0.010736	-0.708141	-0.265076	0.923202	-0.278267	0.656744	0.384165	0.648925
10192884	0.2898	1.0710	0.3457	0.700262	-0.010080	-0.713815	-0.265511	0.924493	-0.273526	0.662674	0.381066	0.644711
10193007	0.3095	1.0713	0.3306	0.694840	-0.007911	-0.719121	-0.266653	0.925830	-0.267835	0.667903	0.377858	0.641193
10193144	0.3291	1.0729	0.3119	0.689675	-0.009162	-0.724061	-0.266705	0.926412	-0.265761	0.673214	0.376400	0.636479
10193257	0.3489	1.0661	0.2966	0.685195	-0.010523	-0.728284	-0.267120	0.926595	-0.264704	0.677610	0.375913	0.632087
10193385	0.3686	1.0682	0.2777	0.681061	-0.010576	-0.732150	-0.267858	0.926993	-0.262557	0.681475	0.374930	0.628506
10193508	0.3860	1.0707	0.2592	0.676943	-0.009377	-0.735975	-0.270022	0.927037	-0.260175	0.684716	0.374854	0.625019
10193638	0.4010	1.0724	0.2449	0.673356	-0.005545	-0.739297	-0.273871	0.926960	-0.256396	0.686721	0.375118	0.622656
10193759	0.4155	1.0759	0.2326	0.669815	-0.002789	-0.742523	-0.277160	0.926779	-0.253502	0.688862	0.375597	0.619997
10193885	0.4281	1.0790	0.2230	0.667195	-0.000960	-0.744883	-0.280212	0.926222	-0.252181	0.690169	0.376978	0.617701
10194006	0.4369	1.0799	0.2174	0.662874	0.004633	-0.748716	-0.285585	0.925946	-0.247112	0.692126	0.377627	0.615109
10194140	0.4417	1.0759	0.2165	0.656606	0.012320	-0.754133	-0.294282	0.924803	-0.241116	0.694455	0.380246	0.610857
10194259	0.4446	1.0747	0.2208	0.648205	0.022679	-0.761128	-0.305062	0.923570	-0.232283	0.697688	0.382758	0.605581
10194385	0.4421	1.0753	0.2228	0.636677	0.027619	-0.770635	-0.311796	0.923244	-0.224509	0.705284	0.383221	0.596420
10194508	0.4388	1.0755	0.2245	0.622077	0.028241	-0.782447	-0.315840	0.923482	-0.217774	0.716426	0.382600	0.583397
10194637	0.4335	1.0759	0.2290	0.604771	0.031002	-0.795796	-0.319814	0.924586	-0.207026	0.729363	0.379710	0.569078
10194758	0.4271	1.0759	0.2348	0.584866	0.033669	-0.810431	-0.325253	0.925028	-0.196297	0.743062	0.378403	0.551969
10194881	0.4202	1.0763	0.2422	0.564565	0.034360	-0.824673	-0.329683	0.925358	-0.187143	0.756687	0.377535	0.533753
10195002	0.4138	1.0759	0.2484	0.542157	0.031501	-0.839686	-0.332631	0.925712	-0.180040	0.771636	0.376916	0.512360
10195146	0.4063	1.0758	0.2572	0.519727	0.031215	-0.853762	-0.336074	0.926234	-0.170720	0.785454	0.375655	0.491879
10195261	0.4001	1.0762	0.2653	0.496148	0.030940	-0.867687	-0.339225	0.926839	-0.160922	0.799227	0.374182	0.470345
10195386	0.3947	1.0773	0.2757	0.471834	0.028601	-0.881224	-0.341072	0.927582	-0.152515	0.813045	0.372522	0.447419
10195508	0.3896	1.0755	0.2849	0.446969	0.020995	-0.894303	-0.342446	0.927587	-0.149377	0.826408	0.373018	0.421792
10195635	0.3857	1.0761	0.2947	0.423061	0.016874	-0.905944	-0.344596	0.927697	-0.143641	0.838017	0.372953	0.398287
10195755	0.3795	1.0791	0.3054	0.397943	0.011729	-0.917335	-0.346472	0.927789	-0.138438	0.849470	0.372921	0.373271
10195881	0.3750	1.0803	0.3146	0.373365	0.003848	-0.927677	-0.346517	0.928189	-0.135614	0.860538	0.372089	0.347887
10196007	0.3717	1.0798	0.3222	0.350386	-0.002324	-0.936602	-0.348408	0.927910	-0.132644	0.869391	0.372797	0.324317
10196144	0.3710	1.0793	0.3285	0.328414	-0.005817	-0.944516	-0.352365	0.927036	-0.128228	0.876346	0.374926	0.302402
10196258	0.3692	1.0798	0.3290	0.309210	-0.010059	-0.950941	-0.354213	0.926775	-0.124980	0.882566	0.375481	0.283005
10196383	0.3679	1.0784	0.3249	0.292657	-0.013744	-0.956119	-0.358810	0.925254	-0.123128	0.886345	0.379099	0.265851
10196509	0.3667	1.0781	0.3171	0.279808	-0.013307	-0.959964	-0.362803	0.924293	-0.118561	0.888865	0.381452	0.253797
10196636	0.3667	1.0770	0.3046	0.271664	-0.011625	-0.962322	-0.366899	0.923159	-0.114727	0.889710	0.384242	0.246524
10196756	0.3676	1.0747	0.2898	0.267583	-0.008551	-0.963497	-0.370225	0.922286	-0.111004	0.889569	0.386414	0.243622
10196885	0.3683	1.0727	0.2726	0.267665	-0.000818	-0.963512	-0.373859	0.921564	-0.104641	0.888023	0.388226	0.246365
10197007	0.3686	1.0714	0.2527	0.271486	0.006042	-0.962423	-0.376612	0.920908	-0.100455	0.885697	0.389732	0.252289
10197145	0.3701	1.0699	0.2343	0.278371	0.011829	-0.960401	-0.377958	0.920599	-0.098212	0.882982	0.390330	0.260739
10197259	0.3734	1.0707	0.2160	0.287124	0.015327	-0.957771	-0.381292	0.919074	-0.099597	0.878736	0.393787	0.269732
10197385	0.3794	1.0692	0.2030	0.296805	0.018582	-0.954757	-0.382394	0.918463	-0.100999	0.875032	0.395071	0.279711
10197508	0.3835	1.0759	0.1923	0.305475	0.027394	-0.951806	-0.386551	0.917082	-0.097666	0.870209	0.397756	0.290735
10197634	0.3875	1.0749	0.1792	0.314134	0.032790	-0.948812	-0.388371	0.916393	-0.096912	0.866307	0.398934	0.300605
